  0.00959383933172668  0.01547050284906294  0.02451074826958986  0.03511904394756909
  0.04545331957814396  0.05568154875183218  0.06594521139012115  0.07634082339432086
  0.08675412476558561  0.09722715527494386  0.10774609278054312  0.11808431721512901
  0.12832768874049560  0.13845991322579174  0.14870161032236048  0.15897787035129485
  0.16945171374374493  0.18014339426843665  0.19099753122993807  0.20181363511421896
  0.21250827018572596  0.22317557600698901  0.23391186547449183  0.24459314222357564
  0.25520668668878793  0.26557861815352796  0.27593090749322008  0.28629170584202368
  0.29668098209892080  0.30723278415853011  0.31766342142126741  0.32806557272776049
  0.33835660897612929  0.34856007439345410  0.35866397139578360  0.36865331232579018
  0.37878099543933003  0.38896171521416217  0.39922795354066681  0.40958386703725397
  0.42018796541553266  0.43080009621491516  0.44139415706526008  0.45180300026272979
  0.46229548871626130  0.47275478010659755  0.48312584301151740  0.49350578190315642
  0.50385136309509804  0.51422402693499203  0.52465170813705453  0.53516536232257372
  0.54571399611546401  0.55604816649232325  0.56635213387914407  0.57687747076560125
  0.58746526266742671  0.59813177946132468  0.60877545722297555  0.61947961578845923
  0.63019826041879878  0.64083875101633003  0.65154894282695330  0.66224016172143019
  0.67303402915475108  0.68369741509187199  0.69427200181359383  0.70476512233735789
  0.71526261624574616  0.72569023259333798  0.73602385859238084  0.74648740011303716
  0.75676358489703954  0.76703307033949453  0.77719841907390064  0.78760836485599361
  0.79818166364001353  0.80877700268631603  0.81933420404897583  0.82978336060911662
  0.84052757385895294  0.85124166148413050  0.86180823691104746  0.87231923308321535
  0.88294947483595398  0.89361479361983931  0.90397069277997810  0.91429190219244205
  0.92461008512927889  0.93510376199491640  0.94549156151069558  0.95595288013463198
  0.96657965845589244  0.97730254389212934  0.98846580479483326  1.00000000000000000
  0.00000136224038498  0.00000141993915637  0.00000150550635623  0.00000159697715339
  0.00000169400463888  0.00000179591883350  0.00000190472274557  0.00000201936773663
  0.00000213752025077  0.00000226663276854  0.00000240165258902  0.00000254815853500
  0.00000270393252805  0.00000286631389516  0.00000303958756149  0.00000322186127520
  0.00000341389768417  0.00000362174792413  0.00000384146027901  0.00000407170640110
  0.00000431867067908  0.00000457727426799  0.00000485289172769  0.00000515090617470
  0.00000545356098844  0.00000578329983442  0.00000612330456026  0.00000648010915845
  0.00000685563820231  0.00000724982884471  0.00000765757359885  0.00000811249088280
  0.00000856263004639  0.00000905669925044  0.00000957422432912  0.00001010997445476
  0.00001068311679781  0.00001128539825442  0.00001191346664592  0.00001258517260121
  0.00001329317949644  0.00001403370955428  0.00001484407558726  0.00001571289605549
  0.00001662764937000  0.00001766522870598  0.00001874210557605  0.00001991277471743
  0.00002116361203942  0.00002249093996965  0.00002392387763591  0.00002547142413277
  0.00002709876863407  0.00002895676787721  0.00003083256390308  0.00003306088332423
  0.00003527604313336  0.00003780254268607  0.00004046394212282  0.00004339777963447
  0.00004653743084893  0.00004993115451725  0.00005359748710004  0.00005760660661944
  0.00006206203287340  0.00006702579079604  0.00007253243582307  0.00007854224313041
  0.00008501108102301  0.00009200769268023  0.00009955668357767  0.00010778338546153
  0.00011687595806676  0.00012710630533749  0.00013846256407516  0.00015114027120762
  0.00016512332235589  0.00018112379616849  0.00019835898682106  0.00021799291542447
  0.00023896601341660  0.00026379131774826  0.00029257097293945  0.00032751923405352
  0.00036678301842308  0.00041486875773321  0.00047758299290336  0.00055688796779600
  0.00064755554624842  0.00076307561525937  0.00091417352771862  0.00108524374756175
  0.00129370369570696  0.00160634100564401  0.00210725613812291  1.00000000000000000
 -0.00233695011802046  0.00948881596776756  0.01968494241724522  0.03008799525409936
  0.04079855531256853  0.05157059117244849  0.06247847110087909  0.07303667755724574
  0.08367911294110961  0.09421623220141433  0.10482344139799395  0.11524821334989573
  0.12554399562427440  0.13588391319894230  0.14611500005520126  0.15639864759585095
  0.16666917726513042  0.17721818668165651  0.18772148799952679  0.19831066752099225
  0.20887011221394983  0.21956761651959891  0.23029884708999568  0.24082084155213743
  0.25145903061777725  0.26216118927110493  0.27276164342116999  0.28334004379911282
  0.29384655008029148  0.30436390378484734  0.31491283890254762  0.32528154894892075
  0.33566339168267606  0.34601765669499590  0.35632317622880161  0.36654284010178506
  0.37656363043778479  0.38669420101055496  0.39688613640343995  0.40727033833833864
  0.41773444585745367  0.42833057642415423  0.43893346964574587  0.44961243968133635
  0.46020622797240007  0.47091238889165243  0.48139560972852918  0.49197405728853111
  0.50236800720033203  0.51276013324881753  0.52317823333683167  0.53359866692413382
  0.54412215889042004  0.55463873430787669  0.56540898985061250  0.57607949474923781
  0.58667650151723483  0.59721604193646471  0.60789865080200411  0.61876746403244243
  0.62951442109022460  0.64022453940568513  0.65096146079364936  0.66166312432505525
  0.67223033267591681  0.68279697323972321  0.69348579456599513  0.70414191045861485
  0.71448406224489625  0.72479178224850771  0.73528699921658669  0.74589865658859611
  0.75634930348775764  0.76669927917922787  0.77723024708235700  0.78767111911300747
  0.79824067939017196  0.80870286374230982  0.81932260553830261  0.83008637714033195
  0.84088552363185654  0.85173143709165355  0.86244368469101673  0.87319781682951136
  0.88381499596106416  0.89433665474869251  0.90471368887628201  0.91523433238284546
  0.92558683423606825  0.93596464149331671  0.94639293495935384  0.95705214019607965
  0.96758039452442346  0.97841897297119207  0.98915963438950638  1.00000000000000000
 -0.00256092428617341  0.00977976990927035  0.02027730789204985  0.03107231455787042
  0.04198021838219693  0.05289084775100448  0.06362467986341913  0.07441008297544531
  0.08527842989938163  0.09618271408942275  0.10693461351203494  0.11758074121305785
  0.12797913070172895  0.13826028989620326  0.14867222565842209  0.15909108998026028
  0.16970650183071409  0.18019602767988407  0.19079104850131640  0.20136172817515985
  0.21197010315712395  0.22258203465167448  0.23304819327556336  0.24345643927368019
  0.25386442643019941  0.26430896176734775  0.27468056958980708  0.28507332866864660
  0.29558565927462621  0.30604882013838475  0.31650259260164432  0.32685498921736161
  0.33732181259046023  0.34763512442395200  0.35793652633885653  0.36831102986623215
  0.37875046981163502  0.38926895147413842  0.39978903399894905  0.41029058404427748
  0.42081604620468560  0.43129379124977985  0.44181844272212406  0.45238213835708974
  0.46300569028177829  0.47364113665240093  0.48431318043756244  0.49488921857179657
  0.50560378824680985  0.51619327688788308  0.52685065393940655  0.53733649557611862
  0.54775954448086150  0.55821617002870083  0.56868561757927794  0.57941650824168145
  0.59017968661388498  0.60108781372552278  0.61154572040339616  0.62190302161687838
  0.63213089559515889  0.64242067383500512  0.65279052652426639  0.66303322647276575
  0.67346794655325948  0.68391342206610728  0.69435661508342050  0.70477288150027562
  0.71513050930825017  0.72541478921872360  0.73571952505245219  0.74619481226612294
  0.75678002735422567  0.76750310771800911  0.77817249669963962  0.78891268280665916
  0.79946695244127108  0.80990300269492821  0.82031310795187296  0.83079904599444732
  0.84130982286094835  0.85198155784537677  0.86253175493638523  0.87303600439858631
  0.88335440490896500  0.89359113557051206  0.90401813405255038  0.91445309016700949
  0.92507580552525537  0.93577578248446525  0.94646377290279449  0.95724926818841150
  0.96806432689802846  0.97888975232997577  0.98953051034877770  1.00000000000000000
 -0.00232928558697070  0.00954829772685837  0.01972010620569819  0.03017746581328148
  0.04054834124542169  0.05080182383510743  0.06110774220561677  0.07148453092097261
  0.08190372421989961  0.09268079444920267  0.10340357920275037  0.11407205017371051
  0.12482088208280155  0.13564215015794742  0.14660278730434373  0.15709486648284082
  0.16759243875346264  0.17782367707442301  0.18809242466393877  0.19858743964536324
  0.20909893465837245  0.21973515112882189  0.23018806299121677  0.24066556615379450
  0.25101939311949595  0.26155364510373352  0.27218477114619971  0.28287066125585880
  0.29350543140600960  0.30408475003287666  0.31460181059888193  0.32500351352073537
  0.33556944520646420  0.34594659757083152  0.35635400095399256  0.36656826380326368
  0.37695303749048575  0.38743860766507393  0.39802928300349755  0.40857311741646229
  0.41914313860930064  0.42964004862083299  0.44007194804761463  0.45054101639755406
  0.46103162014599725  0.47175273777695403  0.48231704419232746  0.49301354468806596
  0.50352561258573958  0.51390322149439971  0.52438753448596742  0.53511922946385904
  0.54582922606627760  0.55648271882176925  0.56723852624099658  0.57816170454689919
  0.58913739669397835  0.59990509424037552  0.61051313175975219  0.62112998413631504
  0.63189158112038291  0.64269993974050732  0.65345551412974567  0.66395209576845127
  0.67455915639111619  0.68507345601881187  0.69586211291249112  0.70651095324276147
  0.71718884004540728  0.72773383601495811  0.73823654167533104  0.74854974300107691
  0.75896157666745989  0.76945439708964392  0.78024235338730619  0.79096866807421651
  0.80158658467455945  0.81212175254888863  0.82231042910955021  0.83254832879798346
  0.84275867247056968  0.85298537874949643  0.86314659771887792  0.87312954600217341
  0.88331959280945005  0.89369469484107245  0.90439096435140365  0.91540564495403576
  0.92619090706505980  0.93695303091234028  0.94748065217063571  0.95796679060582457
  0.96840441274770139  0.97881430245023293  0.98943925449164738  1.00000000000000000
  0.01584281778555321  0.02636879713748201  0.03348098642907554  0.04036434770298959
  0.04755633894981102  0.05502972698556847  0.06262117910127388  0.07020833103065117
  0.07775202038550871  0.08536240806354001  0.09321336075957527  0.10111035590315177
  0.10922085145471147  0.11739182520735313  0.12581181954549797  0.13450160677385264
  0.14316802143062002  0.15187469531910161  0.16056271844938788  0.16923342189992421
  0.17802043753253424  0.18692476093250246  0.19605273417448962  0.20541451534372915
  0.21500479945732609  0.22471512827450607  0.23434159174238861  0.24394471382936589
  0.25359701769244125  0.26339936710807521  0.27330118884517401  0.28330021601411109
  0.29344766254694127  0.30386984759126240  0.31442777569779079  0.32512190688190634
  0.33595206518185411  0.34690106012725708  0.35791217400225178  0.36902607472088500
  0.38023603323414390  0.39159956181171790  0.40291263020801543  0.41415956802453036
  0.42538986408296953  0.43672410756127589  0.44808258528947592  0.45950638894739465
  0.47094099292053782  0.48237304464833419  0.49384865653880139  0.50551801429344223
  0.51722524267868031  0.52892613857560622  0.54061085060845215  0.55228698469391035
  0.56391983079962082  0.57539215085118811  0.58688282851851403  0.59832084338508718
  0.60980972991118920  0.62119612803692470  0.63252183165697407  0.64393091168865868
  0.65554917145231362  0.66719030701239834  0.67871203449582518  0.69008387260813830
  0.70145277973601050  0.71286119488837352  0.72427463449755380  0.73552924502869499
  0.74667559709792364  0.75781578904042135  0.76886353080674974  0.77978205340886830
  0.79063318686725714  0.80155975816559943  0.81251968041411693  0.82346708657145773
  0.83432736834623511  0.84508585369340750  0.85579284441519399  0.86644899611651294
  0.87705344176139877  0.88773636668959888  0.89838689567028396  0.90896370431810380
  0.91933240595576993  0.92948755733176347  0.93962540555556129  0.94987043892521794
  0.96057386984075499  0.97189146805346327  0.98492071966809136  1.00000000000000000
 -0.01654851456330013  0.10046827909028828  0.13533617407125914  0.15693243989477984
  0.17460896924900515  0.18976580336376653  0.20345079846360614  0.21594967633281340
  0.22752364914729481  0.23843329754698772  0.24877111874031602  0.25856779546342029
  0.26781262993081684  0.27665973540651850  0.28521758048781165  0.29351662557343899
  0.30153612209131098  0.30934130340845151  0.31699421494622615  0.32446694011587046
  0.33184478595311528  0.33899101381932417  0.34602071920721900  0.35294656321566703
  0.35972564854281469  0.36639756193132217  0.37296245339924866  0.37939963353099393
  0.38573749051782613  0.39201724472944510  0.39821736534131902  0.40430680695966875
  0.41030780465265465  0.41629110377024747  0.42223304915868914  0.42819714207242493
  0.43414096758792359  0.44007215160036967  0.44597303230335078  0.45184352350575091
  0.45765976665322361  0.46341568861755866  0.46914543229342665  0.47487599564974464
  0.48059372281509333  0.48628928148184131  0.49199801672820181  0.49771785133472823
  0.50346037038927638  0.50914279296232967  0.51481313863882161  0.52045952968051423
  0.52611001788059797  0.53180326850807025  0.53754133127466819  0.54331794386901067
  0.54910687413376102  0.55488034985487300  0.56067775636205019  0.56654726919843823
  0.57243862142218038  0.57835688026209098  0.58435126226859058  0.59042870682329307
  0.59656723324242344  0.60272960726520863  0.60896726630636611  0.61522088379422779
  0.62151665860774141  0.62793286737243381  0.63451116266222829  0.64120210030265601
  0.64799211993523309  0.65490883353080331  0.66193011314777550  0.66911272438077307
  0.67651685777676573  0.68401545172706457  0.69175254923931917  0.69975853010409994
  0.70795000540355113  0.71641772715593044  0.72504541674299638  0.73395504598448169
  0.74322338275083233  0.75294741792782349  0.76313201812885068  0.77388619040394002
  0.78541148474031786  0.79788828455423755  0.81154668041942424  0.82677800621190756
  0.84462818897477621  0.86661024269469289  0.90189313398617932  1.00000000000000000
   3.1252649486317807E-005  -1.0000000000000000     
 T F T T T T T F T F T T T T T F F T T T T T F T F T T T T T F T F F F F F F F F F F F F F F F F F F F F F F F F F F F F F F F F
  <DiscreteSampler_grid>
  grouped_processes
  1 # 1 for a reference and 2 for a running grid.
  10 # Attribute 'min_bin_probing_points' of the grid.
  1 # Attribute 'grid_mode' of the grid. 1=='default',2=='initialization'
  0.0000000000000000 # Attribute 'small_contrib_threshold' of the grid.
  0.5000000000000000 # Attribute 'damping_power' of the grid.
 # binID   n_entries weight   weight_sqr   abs_weight
    10   10   9.205884598617774E+006   2.729874836435507E+014   9.205884598617774E+006
  </DiscreteSampler_grid>
