  0.00951473332530777  0.01591921116781475  0.02536151664335255  0.03642512940784506
  0.04706572558766961  0.05765352986581601  0.06798588984083513  0.07821580634488934
  0.08856280824472958  0.09900838767066633  0.10948230599680116  0.11988362825739415
  0.13030916026054729  0.14084206535492672  0.15151426861394862  0.16240300489718987
  0.17307016494163077  0.18356596626192967  0.19409138226351874  0.20467674742035280
  0.21539671824106665  0.22602920456222647  0.23667847866434813  0.24728742276643759
  0.25797282142818184  0.26865315039578275  0.27922726511102203  0.28964798438032741
  0.30014209123755820  0.31055465777251401  0.32099631429894659  0.33148136061778566
  0.34209882639451139  0.35287741778145798  0.36337036513502668  0.37381402978083805
  0.38418431865625258  0.39475914385514632  0.40558006965056476  0.41634524036797527
  0.42702603588163435  0.43767595843739149  0.44837572779146684  0.45905368105632888
  0.46950784773522064  0.47989827890435821  0.49024489243192193  0.50058466374734711
  0.51079417343508648  0.52092384825786864  0.53107321812246178  0.54135713884012149
  0.55166994898234156  0.56212454399700007  0.57240902424439599  0.58273839593511512
  0.59310933269787947  0.60344563249739192  0.61385192808766098  0.62437501549428698
  0.63509010517095565  0.64583720065101924  0.65626002460308830  0.66664961438732206
  0.67725500381950399  0.68783858891124205  0.69836180100487477  0.70882728072243417
  0.71930567628891706  0.72974708309177072  0.74008801688904435  0.75040994410510020
  0.76079046267970662  0.77126140843175528  0.78192141383055669  0.79255188022693035
  0.80299996926404282  0.81344419274052893  0.82403477144566306  0.83453366835196752
  0.84491203669075954  0.85527538583225926  0.86581885745415454  0.87652865301640215
  0.88695171058975286  0.89747663200515337  0.90784520150464809  0.91825700518872466
  0.92866085872391635  0.93913583107228138  0.94957441317173896  0.96006822709940332
  0.97031169635283987  0.98085052620899937  0.99142028360479828  1.00000000000000000
  0.00000139094629313  0.00000141613907704  0.00000148669906411  0.00000157047353117
  0.00000166304215107  0.00000175716239350  0.00000185362413031  0.00000196656047178
  0.00000207926943551  0.00000220773252562  0.00000234158815755  0.00000248053623950
  0.00000263111738034  0.00000278858563229  0.00000295664378195  0.00000314177165795
  0.00000333164496663  0.00000353602234669  0.00000375155610691  0.00000397911557970
  0.00000422276593548  0.00000447910621770  0.00000474759907231  0.00000503169024317
  0.00000532646543846  0.00000563674447647  0.00000597750046462  0.00000632480822411
  0.00000669766159526  0.00000708218610896  0.00000748084914243  0.00000789919693362
  0.00000833762927151  0.00000877595500092  0.00000927916259942  0.00000979091124798
  0.00001033354499597  0.00001091000536368  0.00001151394100447  0.00001214862087232
  0.00001283997617404  0.00001356144406155  0.00001432579486592  0.00001515442631178
  0.00001601714753336  0.00001694722229662  0.00001794319572097  0.00001899066980369
  0.00002011183448334  0.00002133737195595  0.00002260348991490  0.00002403467205070
  0.00002552455578968  0.00002713856696604  0.00002888993504724  0.00003072780964537
  0.00003277742165385  0.00003493562386389  0.00003733605220647  0.00003995726497970
  0.00004281119155751  0.00004594882495315  0.00004934360944076  0.00005300100631962
  0.00005696152762032  0.00006125845336660  0.00006595816755002  0.00007109968099509
  0.00007668235731635  0.00008296293949752  0.00008979801428405  0.00009747969088617
  0.00010560843908700  0.00011475057883288  0.00012430886110987  0.00013500597256219
  0.00014633145374397  0.00015949145628096  0.00017434805164407  0.00019138825813840
  0.00021045842418912  0.00023118417189570  0.00025521627006949  0.00028254060980834
  0.00031329073228729  0.00034847162399752  0.00038896379417541  0.00043674299279084
  0.00049201009222962  0.00055944101758506  0.00064046255365183  0.00074040167351099
  0.00089068170943984  0.00116937096718242  0.01184625462282017  1.00000000000000000
 -0.00233233998146861  0.00946245327512774  0.01935217248078951  0.02956920497196960
  0.03983633998723717  0.05019891009206897  0.06043656664945501  0.07077530869798423
  0.08110768911899624  0.09186357835026629  0.10246616514842753  0.11320851720279049
  0.12377037205810722  0.13454975024551033  0.14518124105178079  0.15569145049466585
  0.16627191716335524  0.17696553343372048  0.18753460542577668  0.19814971379471705
  0.20874312830076464  0.21926271650052123  0.22970661940940296  0.24028261326354231
  0.25080064022738002  0.26146405352392388  0.27204954212556859  0.28274699372635215
  0.29335299495281608  0.30406504326111605  0.31463561708709858  0.32522679255248094
  0.33552858216190068  0.34592483168938964  0.35619623484146423  0.36657563793179460
  0.37698987407014933  0.38740973673863871  0.39766179694742371  0.40799133147074124
  0.41842272129989283  0.42909233789022516  0.43984067542812899  0.45061122419817146
  0.46126731017586070  0.47181819822292892  0.48235118737154248  0.49306742222446032
  0.50363361845175125  0.51408636275819120  0.52465772523912746  0.53534919252754098
  0.54596890991314451  0.55639658881704490  0.56680300303681885  0.57711231851689493
  0.58746531480563913  0.59787015152452916  0.60849594836422261  0.61920533637631514
  0.62990104282613202  0.64054994497825235  0.65115174605991277  0.66168270370930327
  0.67217559037554142  0.68246608216742510  0.69298355448062954  0.70368936115410463
  0.71447700589731655  0.72528619672657579  0.73602910121010967  0.74678037686583998
  0.75735689906402182  0.76799610893930470  0.77866335677001519  0.78936265514865966
  0.79990290356887250  0.81040115787803935  0.82090294649558260  0.83149415554367156
  0.84222785421998447  0.85306973972391076  0.86376211492836519  0.87433218287909642
  0.88481695651124903  0.89530635851604679  0.90579289228698057  0.91613058963287308
  0.92648126430704481  0.93672838273437598  0.94710571244905239  0.95759523375148448
  0.96825888661279313  0.97893115840232225  0.98952172636660618  1.00000000000000000
 -0.00244669006270894  0.00946818232269907  0.01981811420416037  0.03034393075553972
  0.04119197989543839  0.05193674433718404  0.06262511653059746  0.07317587883014322
  0.08358697025027798  0.09406733787719924  0.10460264620397881  0.11511933584451903
  0.12557382097759370  0.13593753947102558  0.14618448531209990  0.15661443748380680
  0.16710125696029293  0.17814968487981006  0.18897913930970975  0.19963001297174962
  0.21010970277254695  0.22031045462600685  0.23061880360825379  0.24078997928466314
  0.25105764505864020  0.26123218772076523  0.27138806833299273  0.28178941018308201
  0.29217274692861550  0.30289496730720311  0.31348868839107558  0.32439007784235319
  0.33504125029241172  0.34611391595726115  0.35692429897434530  0.36770966184783388
  0.37852090447619546  0.38931405682917991  0.40004926615993874  0.41044089387963667
  0.42075997037018087  0.43130152071626482  0.44186940142179032  0.45273101873889915
  0.46347803658980535  0.47444863074313903  0.48526412606418889  0.49612112797083296
  0.50669612522646479  0.51727018976408945  0.52776648386145442  0.53824333753440545
  0.54868615649696828  0.55913556448675839  0.56964795739690655  0.58029702616221213
  0.59080775762160631  0.60162946256243377  0.61216437217415165  0.62288620011780116
  0.63368896200544078  0.64448358431717523  0.65505374410144401  0.66547130854588532
  0.67599332611308272  0.68674067467232514  0.69701599884456533  0.70725377694436131
  0.71746599745613981  0.72771747383825580  0.73792914339252802  0.74822819150163533
  0.75867170805704875  0.76910515495457532  0.77941550382606228  0.78984310311086270
  0.80042826593205418  0.81110358337425470  0.82150855753968000  0.83190196403044858
  0.84225961824666185  0.85271486540869612  0.86333987651922461  0.87389983282016770
  0.88460949855278981  0.89534848265887912  0.90599865666600021  0.91661220523438536
  0.92699683941170941  0.93759365083865998  0.94794755102353645  0.95843990477515428
  0.96879386565640757  0.97927108039199895  0.98964912966933449  1.00000000000000000
 -0.00249409794595974  0.00957224778812418  0.01996518754945980  0.03087093728391960
  0.04185427373955672  0.05285654348664937  0.06362670030850640  0.07420698045920487
  0.08473954819566441  0.09527581314704557  0.10584132946258173  0.11637101359206370
  0.12684476557197771  0.13743831234589798  0.14814458823427357  0.15889724222056939
  0.16948181493989087  0.18012515584319885  0.19074803593854964  0.20142142560389337
  0.21207252391045991  0.22266443744143394  0.23317407106663487  0.24345304468611070
  0.25387607141212831  0.26458145250493603  0.27537097679311429  0.28616853825569338
  0.29687809713041208  0.30770973650198069  0.31847456132556951  0.32925807412023900
  0.33994555428645151  0.35077095441824363  0.36140279240000117  0.37205117495879708
  0.38255680413294135  0.39298759717134801  0.40334350563999249  0.41387213751403185
  0.42437334449384512  0.43492365898817420  0.44532599762691477  0.45569720494465743
  0.46614370286401036  0.47640008324045308  0.48685436704669471  0.49723819899349092
  0.50792260148350288  0.51852022471019743  0.52915639127733105  0.53977846518534334
  0.55053586451195990  0.56131343748904505  0.57182333995675316  0.58224440808534017
  0.59241976947237007  0.60272530867610330  0.61306038176509503  0.62333421237808251
  0.63362261318435031  0.64371530198668625  0.65397627504897671  0.66412209276842826
  0.67454445100185345  0.68491280844409075  0.69509474455203346  0.70523747847109519
  0.71550131724835009  0.72606948213613487  0.73659456995280359  0.74700450951470343
  0.75723192416638518  0.76758301081002522  0.77805696928244539  0.78867898775052647
  0.79920851800911574  0.80957984250580206  0.81981249024350489  0.83012655639139066
  0.84071849396093434  0.85133626222267200  0.86181346688684368  0.87230372609280882
  0.88291389343190574  0.89370434460952231  0.90432062808774760  0.91504787494551887
  0.92574109855968234  0.93644576809315994  0.94712554988555220  0.95783555413031873
  0.96864940715516112  0.97924722376834750  0.98966389575238856  1.00000000000000000
  0.01408159836811877  0.01926971066246259  0.02449948679708228  0.03174852764292038
  0.03837175828027913  0.04579718375485230  0.05352286535853882  0.06144882223253256
  0.06942291620637962  0.07744464827549992  0.08549847463897343  0.09360782939438589
  0.10187918586151501  0.11034259532390918  0.11883422851168039  0.12733282545477348
  0.13592037124938397  0.14448339305579055  0.15321385356688680  0.16199089335676059
  0.17092895034674960  0.17989730465762474  0.18897917359266525  0.19813252476113019
  0.20743574218412025  0.21701210535163537  0.22683047506787438  0.23672308849840706
  0.24674438438728408  0.25681566508108006  0.26718031706697981  0.27760252479071379
  0.28798992370438875  0.29835365082791532  0.30878205079312188  0.31927361544636207
  0.32981017551747882  0.34039158383603030  0.35106733705674170  0.36181971554406533
  0.37256843844933329  0.38331959139983618  0.39425853749157519  0.40549262096118777
  0.41692234369731546  0.42833491380129479  0.43969237196268629  0.45109998002795465
  0.46260801403622942  0.47423204767060706  0.48591526716071454  0.49761692074358860
  0.50949348774229475  0.52139988258287606  0.53323872109572912  0.54511791029977374
  0.55698574149281499  0.56866821094735998  0.58021814323179144  0.59180474042707543
  0.60349075210449410  0.61534257417992444  0.62727978053445743  0.63916331968800022
  0.65091230613494055  0.66264240760973103  0.67442500477669953  0.68617085405097555
  0.69786747608177768  0.70944420046797807  0.72100209262139947  0.73244965243130389
  0.74383568163846359  0.75516359329365734  0.76637702556463605  0.77749255317097143
  0.78856865445023094  0.79985007497052019  0.81119364893933177  0.82240396736112453
  0.83344896126491763  0.84447689289402805  0.85547723593639191  0.86636560830396847
  0.87700329684914746  0.88756146144505577  0.89800282427780453  0.90836259349596427
  0.91862894275826179  0.92881680598258509  0.93911608483182418  0.94941909428531468
  0.96016610529295732  0.97159726337118391  0.98487704333642923  1.00000000000000000
 -0.01755599057725462  0.09951403273262070  0.13492302723784882  0.15659909708634143
  0.17428578933079647  0.18961990527216255  0.20339338791392531  0.21585541102146882
  0.22735068585530591  0.23815594324385220  0.24846309785826998  0.25820218612966750
  0.26750459012489980  0.27642066460409570  0.28500408380602921  0.29331389014641168
  0.30126406186330584  0.30903964915413373  0.31662568342627040  0.32406105476453667
  0.33140138840989547  0.33853632496347352  0.34553634817130258  0.35241199318818583
  0.35910561699829729  0.36566837456572887  0.37215979454726544  0.37857277059791056
  0.38491992114992812  0.39124447303452603  0.39752055839593636  0.40366956061217318
  0.40977782212475383  0.41580837306632096  0.42178720334825032  0.42772109124026120
  0.43361504566370984  0.43948152431213888  0.44526562229966349  0.45103002939306652
  0.45678274411876246  0.46255162146205281  0.46834588186057441  0.47414735852621637
  0.47993808131758892  0.48569710433769725  0.49142716970908618  0.49715356938350602
  0.50286834534661873  0.50858970574004547  0.51431166012382534  0.52005461422115284
  0.52583432219619097  0.53163290308727584  0.53743430273948645  0.54324974304966112
  0.54909242027256178  0.55495439515919820  0.56082459669321694  0.56670659003492785
  0.57259556103678289  0.57850823854139721  0.58449362155770257  0.59059490029470096
  0.59670947909562799  0.60285709297502710  0.60906111845438060  0.61532743113807231
  0.62168129361818147  0.62814052619465544  0.63468317412693398  0.64127194972879487
  0.64791545383793825  0.65468575351910219  0.66161101906688580  0.66869469000140191
  0.67609663023860767  0.68356031890520397  0.69132784879399090  0.69933874969278131
  0.70746350984522732  0.71591527917522380  0.72454103150504767  0.73347822764835480
  0.74281136769862577  0.75262717491538511  0.76300388679359754  0.77393909507836678
  0.78560036882500273  0.79820682783736197  0.81204655296104922  0.82744624992777804
  0.84521464582602779  0.86699040190188958  0.90206027066871008  1.00000000000000000
   3.1549938433632437E-005  -1.0000000000000000     
 T F T T T T T F T T T T T T T T T T T T T T T T F T T T T T F T F F F F F F F F F F F F F F F F F F F F F F F F F F F F F F F F
  <DiscreteSampler_grid>
  grouped_processes
  1 # 1 for a reference and 2 for a running grid.
  10 # Attribute 'min_bin_probing_points' of the grid.
  1 # Attribute 'grid_mode' of the grid. 1=='default',2=='initialization'
  0.0000000000000000 # Attribute 'small_contrib_threshold' of the grid.
  0.5000000000000000 # Attribute 'damping_power' of the grid.
 # binID   n_entries weight   weight_sqr   abs_weight
    10   10   3.911326718993784E+008   1.325356820600592E+018   3.911326718993784E+008
  </DiscreteSampler_grid>
