  0.00955035352642730  0.01609137319933100  0.02577001550249213  0.03675646192589384
  0.04746157483331568  0.05873152227403068  0.06960609256543913  0.08054781739958894
  0.09132640952579059  0.10216281611629673  0.11256517853895504  0.12298810719624582
  0.13342299149948528  0.14402801744442720  0.15469174786618461  0.16533231082573160
  0.17598228692364393  0.18677125401399899  0.19735314105896518  0.20789619306705692
  0.21816743671412706  0.22852950877402867  0.23897958179811282  0.24961420414137858
  0.26034765699495938  0.27119000318026254  0.28215557389907792  0.29317997679718899
  0.30382597141395751  0.31444934444372596  0.32510767501314725  0.33562462456704639
  0.34602091072929431  0.35670819623473071  0.36726626928174766  0.37715802758469535
  0.38712183560883656  0.39711066015388458  0.40788015694283697  0.41855608593613430
  0.42920445069076868  0.44001306548546920  0.45112192404532314  0.46221077581423597
  0.47304410870410113  0.48368744640867584  0.49446467817231488  0.50505946083441200
  0.51568289383866450  0.52623072683569949  0.53668490823964321  0.54734048012955727
  0.55818210867306484  0.56888740435291985  0.57953125048764620  0.59004646906365044
  0.60064252112010208  0.61110278013932950  0.62165594695140614  0.63225954860805822
  0.64285224228467663  0.65330163303397093  0.66356571026035627  0.67390885588714156
  0.68429837350986555  0.69479673166840028  0.70536651610117618  0.71570711997779224
  0.72608281123715546  0.73643605648856336  0.74673548585494565  0.75681765869085538
  0.76672320242506409  0.77682554772584322  0.78688255376416849  0.79688723299361897
  0.80682236798999196  0.81688582678335808  0.82707458833402714  0.83750457256374988
  0.84828090257374589  0.85928139903824929  0.87019479749730944  0.88094741063125137
  0.89150339299938253  0.90196774206298957  0.91221078590809490  0.92219654867410428
  0.93219787139403187  0.94215325032041419  0.95232001166571445  0.96250381621366365
  0.97228865997611424  0.98226226372803738  0.99103061930301095  1.00000000000000000
  0.00000138209146832  0.00000148219748674  0.00000155092022019  0.00000162625655981
  0.00000171043653288  0.00000179471500594  0.00000190111157544  0.00000201346483896
  0.00000213090758705  0.00000225620137578  0.00000238196276788  0.00000251825325081
  0.00000267983441621  0.00000284429222367  0.00000302526011519  0.00000321724031317
  0.00000342002683776  0.00000364050303626  0.00000387129986180  0.00000412315064017
  0.00000440798733018  0.00000469814462397  0.00000502287180806  0.00000534804720496
  0.00000572899760803  0.00000612445056742  0.00000654997758313  0.00000700311870596
  0.00000748500923470  0.00000801008789583  0.00000857433042031  0.00000918955499817
  0.00000985916437266  0.00001055728817562  0.00001133447868579  0.00001211006100585
  0.00001304408332051  0.00001399451340975  0.00001509162981715  0.00001622083362074
  0.00001743555922216  0.00001872215038837  0.00002010123347613  0.00002160067861480
  0.00002314884078827  0.00002492003728734  0.00002672944793119  0.00002874434982000
  0.00003078784046760  0.00003310951522305  0.00003550775568566  0.00003810596773629
  0.00004080036013162  0.00004369961847768  0.00004679367997547  0.00005009605468899
  0.00005378972450269  0.00005784403061480  0.00006233137041251  0.00006704574234732
  0.00007201461561659  0.00007736640822934  0.00008306423339092  0.00008914363124752
  0.00009530593148341  0.00010186425041087  0.00010902193050304  0.00011706483817592
  0.00012566521363810  0.00013459993715906  0.00014378323168179  0.00015361470236604
  0.00016460068321561  0.00017635223622757  0.00018948102082697  0.00020315436021720
  0.00021900722289925  0.00023602023282909  0.00025495296027685  0.00027540838228056
  0.00029748089616852  0.00032074881473315  0.00034589894536625  0.00037281840888319
  0.00040372099700378  0.00043792640305540  0.00047330174863643  0.00051026187145621
  0.00054797802806301  0.00058878571382073  0.00063205311830532  0.00066544970945146
  0.00087267368995135  0.00149324786127400  0.00235805285075084  1.00000000000000000
 -0.00266956116956606  0.01069296245509350  0.02158863035579681  0.03184524554296986
  0.04204357350956658  0.05207307374373306  0.06226530702148987  0.07215836033290365
  0.08223265047309991  0.09282460844638017  0.10348710821764166  0.11438518314045282
  0.12516988664552850  0.13599523248996734  0.14687899160524842  0.15792493201126576
  0.16881672119938868  0.17936122014125455  0.18976403890438792  0.20014947273520167
  0.21054524697062396  0.22099910201020972  0.23141077920909034  0.24191986685106931
  0.25244417799797686  0.26293370643782932  0.27361906242072892  0.28407374659191231
  0.29444374771739595  0.30462009437364990  0.31484187443023609  0.32540909264966200
  0.33602012045196661  0.34681828491048827  0.35773505912792103  0.36870918328268276
  0.37983074112349041  0.39125439197115386  0.40249954992776171  0.41336923965960798
  0.42390220566590248  0.43439030849840521  0.44466503887099273  0.45497522735889168
  0.46566249253491476  0.47660082828792394  0.48720700514765908  0.49756656332942439
  0.50785459837716507  0.51826424628263601  0.52832989314569800  0.53818328642305413
  0.54820758480872667  0.55846434602356199  0.56894868602393422  0.57946076070634644
  0.59037720921923376  0.60147255752333506  0.61213400362062143  0.62231450261263488
  0.63251321763534085  0.64277143611288001  0.65314512372920519  0.66338856764972398
  0.67358619852031421  0.68348432748966481  0.69352325363476031  0.70357749954287530
  0.71393516849843486  0.72427288201278317  0.73470908192014184  0.74537859978025922
  0.75590519243820387  0.76654895557969549  0.77722366063836601  0.78794666051519080
  0.79863929775877707  0.80969740085415332  0.82078022440393972  0.83180991661121206
  0.84217605891031988  0.85276442099575755  0.86329499207161819  0.87376954020907993
  0.88414985068388285  0.89482812642690035  0.90574364573253663  0.91636762901164148
  0.92709246193418693  0.93772601246575826  0.94794288365740431  0.95830428232243903
  0.96876710848840897  0.97949888734325929  0.98973476979797947  1.00000000000000000
 -0.00221243170386378  0.00969359302242544  0.01966862211547030  0.02998825727500364
  0.04013867357801521  0.05043431485678834  0.06068923698493703  0.07125461557238787
  0.08174305249206848  0.09225701298355729  0.10256308329069569  0.11302691989916522
  0.12391015053750722  0.13516684017737970  0.14651854454790333  0.15736158432426836
  0.16828553417251985  0.17893501926500030  0.18972076134052107  0.20022773503067520
  0.21088179665048565  0.22143284370401795  0.23188260698755717  0.24216552197221713
  0.25237145107911974  0.26281580196243182  0.27356467561822273  0.28436898597524235
  0.29494419322292675  0.30481023577488930  0.31451791037602495  0.32433918054363969
  0.33427768010449338  0.34428757515545150  0.35437231675804864  0.36486362180555937
  0.37541232986070705  0.38597253373069168  0.39659990399034672  0.40720162041332963
  0.41762869313915707  0.42785858397152232  0.43804318839840911  0.44828201560620545
  0.45877462990849116  0.46957132911477373  0.48052732093645134  0.49142340346706626
  0.50207213921623062  0.51243767382436090  0.52244848633782393  0.53223272434206537
  0.54212211461539728  0.55229551709259039  0.56257949450320377  0.57296116106803763
  0.58301754141021245  0.59311121609195883  0.60306449468180312  0.61325683663767827
  0.62311076865269532  0.63297488887338327  0.64285822332559861  0.65278995282346686
  0.66282850195441989  0.67316722040033850  0.68370421290932504  0.69433877608855377
  0.70513784944699076  0.71594489706506725  0.72690241407805789  0.73773236657280539
  0.74878059978188738  0.75987726466330829  0.77089236573914899  0.78192005698777323
  0.79298189378655848  0.80444587432382419  0.81566349124216564  0.82663055081761716
  0.83736149792547765  0.84768347701139835  0.85799149284507015  0.86836161729891970
  0.87885011821807346  0.88946021517976903  0.90035273318347375  0.91180244585183601
  0.92325071818946380  0.93479735428534050  0.94618653671203379  0.95748899926734277
  0.96781674809331930  0.97874629648271116  0.98917923457351098  1.00000000000000000
 -0.00227578960684133  0.00985632703251914  0.02013129406877692  0.03040576660399854
  0.04055121787999200  0.05039679275756871  0.06038460367167141  0.07028524762958167
  0.08047686536855995  0.09109775983248977  0.10250589627547019  0.11442493010657247
  0.12631770071491610  0.13783128667650518  0.14891330075154471  0.15986398053951489
  0.17041690257497438  0.18080024240979822  0.19113889562326036  0.20112492427351508
  0.21103639308600133  0.22107006103081828  0.23184932316857254  0.24294611133454852
  0.25385060464984083  0.26456997881965066  0.27491747097953184  0.28541520478825894
  0.29569409411821795  0.30603597243932579  0.31650801694815850  0.32746632160693173
  0.33830584102180006  0.34907199927270322  0.35956377742254514  0.37031397067657540
  0.38080990373828333  0.39132275886329343  0.40186635727610581  0.41279672090554559
  0.42375102157854355  0.43460250222864616  0.44509780431288098  0.45564217035266030
  0.46643704913070783  0.47741741318309583  0.48839626540833325  0.49915521221150139
  0.51000349922986299  0.52065549976187453  0.53112178845223268  0.54126098176040693
  0.55140202719164766  0.56166993202835869  0.57201042136715496  0.58225746294228586
  0.59234013522759577  0.60237040670953135  0.61270540969077047  0.62319519312737592
  0.63346773322560346  0.64376357739460754  0.65411439508294378  0.66434948404515215
  0.67489547427312246  0.68550887982887942  0.69634631065786989  0.70713189828734579
  0.71784649911502652  0.72861490262349304  0.73908141492303359  0.74964300621270408
  0.76026466008997373  0.77084115106882900  0.78154420448878181  0.79226320487961255
  0.80266297951712129  0.81324104794331220  0.82372084178205351  0.83435087359791471
  0.84481177344461411  0.85496809146109065  0.86534241601646233  0.87578183624279526
  0.88692686702146450  0.89782751248217219  0.90796348251712644  0.91805181628394139
  0.92846449843823819  0.93893611922555154  0.94905628783777796  0.95905239885269999
  0.96961663124223374  0.97992381712125309  0.99008120254109899  1.00000000000000000
  0.01151499699359520  0.03911873882234286  0.05954659955734778  0.07892386859114793
  0.09749080217347576  0.11553505863126663  0.13323347373080807  0.15050658513540405
  0.16751770318584244  0.18444553277380069  0.20148796405957836  0.21814417809354708
  0.23418847400724377  0.24961173054821229  0.26455878144637651  0.27925797483669762
  0.29399415920086525  0.30886605617488827  0.32427742445879199  0.33959133144680403
  0.35439518728376962  0.36882326033803681  0.38311355377778394  0.39711931009570889
  0.41059699239928160  0.42361047338950492  0.43631511886513086  0.44861132491153632
  0.46070971885775958  0.47285841931940853  0.48493910510836957  0.49715437575106947
  0.50919789420237926  0.52111957298750300  0.53264804003913113  0.54394102461674554
  0.55492964043462834  0.56599410797801275  0.57685568941294330  0.58755331707336711
  0.59802259550761916  0.60849820350685346  0.61886523439124463  0.62904507122617459
  0.63902517895830901  0.64900086277493696  0.65867674380188990  0.66827568512158986
  0.67742527105477357  0.68655510898889238  0.69571971917232489  0.70484500645346282
  0.71407960271949122  0.72320192706241493  0.73200828790514560  0.74033510215380238
  0.74848760438160322  0.75663280890179341  0.76484482214637806  0.77290546371848456
  0.78080401361858220  0.78859030067143254  0.79640845746226963  0.80437356366679291
  0.81222147515008336  0.81975387138537936  0.82706572109991161  0.83426928301631886
  0.84135718975274232  0.84836716310823457  0.85534412552911787  0.86215002278054498
  0.86883696148558487  0.87547804479618296  0.88193907015833650  0.88834565725758152
  0.89448232165124242  0.90048431519808114  0.90642694102013488  0.91239236230852461
  0.91825067313236197  0.92371765498182379  0.92907953336425264  0.93436686914063261
  0.93982746659611660  0.94524624532378887  0.95057412370461247  0.95591645963966621
  0.96119997090637321  0.96643946366603861  0.97170245491669127  0.97700207275891549
  0.98231179295468429  0.98778673233152658  0.99370086538967128  1.00000000000000000
 -0.00877865339522357  0.04987678820023748  0.07175535982292616  0.08591381621035167
  0.09723829241874808  0.10706508667764163  0.11576796527255859  0.12376212739576001
  0.13109981941752361  0.13803466483614388  0.14464286259860698  0.15087806580291502
  0.15683491983261047  0.16269931497683018  0.16850726081269859  0.17411721127232990
  0.17950062211289142  0.18482063639582852  0.18992136930150366  0.19501571890317543
  0.20011339089334287  0.20519007617882665  0.21025357630219957  0.21527881696414680
  0.22025307922076820  0.22522773662991971  0.23014084477373067  0.23506775589215820
  0.23996950821260252  0.24489971696670421  0.24977911700520028  0.25452943549570151
  0.25919820686406680  0.26384693638393503  0.26854872927677248  0.27335197811863043
  0.27822578668956499  0.28313789390357041  0.28806310960329479  0.29300014071547353
  0.29818383518131797  0.30325437371883873  0.30817632966340258  0.31314315431976536
  0.31824200348261983  0.32358976664347927  0.32915431534299378  0.33479369679353532
  0.34045944354340946  0.34613471019798281  0.35180609316224692  0.35762499353124683
  0.36357974240288776  0.36961846797366998  0.37572450623139991  0.38219360657307849
  0.38858648050898520  0.39504384271985427  0.40166155524878244  0.40840435676514902
  0.41529034361755879  0.42226360247490524  0.42929065626561064  0.43644044344304683
  0.44382674046079407  0.45140521605242190  0.45908534913651783  0.46684637658120509
  0.47459017122922775  0.48251607431597759  0.49065453339739329  0.49912144461513336
  0.50803639691784963  0.51727234815915590  0.52686885999883526  0.53686763198158394
  0.54712370097127949  0.55745625806746080  0.56793732176690370  0.57881000186521181
  0.59010555939594822  0.60157429947907970  0.61332464213003401  0.62551298084900975
  0.63854947769652171  0.65238374259206089  0.66754517797599233  0.68372593955913719
  0.70089771609862883  0.71926710954258377  0.73924452985895073  0.76194539492495383
  0.78857403880957566  0.82065488295170375  0.86800449725733431  1.00000000000000000
   4.5203766028645817E-005  -1.0000000000000000     
 F T F T F T F T T F T F T F T F F T F T F T F T T F T F T F T F F T F T F T F T T F T F T F T F F T F T F T F T T F T F T F T F
  <DiscreteSampler_grid>
  grouped_processes
  1 # 1 for a reference and 2 for a running grid.
  10 # Attribute 'min_bin_probing_points' of the grid.
  1 # Attribute 'grid_mode' of the grid. 1=='default',2=='initialization'
  0.0000000000000000 # Attribute 'small_contrib_threshold' of the grid.
  0.5000000000000000 # Attribute 'damping_power' of the grid.
 # binID   n_entries weight   weight_sqr   abs_weight
    10   10   3.186291753602312E+006   5.772954853869788E+013   3.186291753602312E+006
    11   10   3.186291753602314E+006   5.772954853869794E+013   3.186291753602314E+006
  </DiscreteSampler_grid>
