  0.00952009990841392  0.01602485601607401  0.02499363448650888  0.03563733313876204
  0.04581868296491558  0.05609901785405355  0.06636231081704398  0.07674968301853190
  0.08719715816077303  0.09788920468942283  0.10842042602212411  0.11904380522813118
  0.12948389176385863  0.14000238197281406  0.15054094427987155  0.16099901713473974
  0.17133113387655621  0.18184322274232198  0.19250406945239015  0.20338535258605339
  0.21407722097191098  0.22464470782025539  0.23514138766325732  0.24542112927240073
  0.25583632891946267  0.26620297067816884  0.27666383585032872  0.28717741645649797
  0.29761866823243061  0.30798943310028420  0.31827477768530094  0.32858493937254946
  0.33893324092327604  0.34922252345435345  0.35954195597785238  0.36994207080890557
  0.38033343812932213  0.39078575845334351  0.40123041796453962  0.41162652792300453
  0.42192213154043678  0.43223294214504998  0.44260850826987025  0.45307690038496384
  0.46346778582177584  0.47370481656332419  0.48382710674518625  0.49396576696946842
  0.50424295705376854  0.51456490859780923  0.52492671358019827  0.53539812275661569
  0.54595912067946739  0.55645224792703840  0.56679237705303087  0.57708120020269216
  0.58746607594445333  0.59796055114450342  0.60849874331347997  0.61896424100762337
  0.62925890673072438  0.63944035616133477  0.64962270188306304  0.65981683569680971
  0.67001599194155548  0.68018486949020396  0.69033870632904548  0.70058812174284157
  0.71091557030845931  0.72132334021451838  0.73172456515454065  0.74207039727183044
  0.75227490152798016  0.76228533295604084  0.77237089709123008  0.78250100571472014
  0.79274761807682737  0.80308540290147690  0.81339151250375941  0.82369029403872684
  0.83403059777753419  0.84452147494252894  0.85507037494612248  0.86546426006046895
  0.87585928516121236  0.88636032805652243  0.89681149043353559  0.90736709634496848
  0.91785317092847396  0.92837369741687970  0.93873076845910219  0.94899776276990166
  0.95935176067061756  0.96975373834912149  0.98028233445808477  1.00000000000000000
  0.00000139784555295  0.00000142639860216  0.00000151269036279  0.00000159819153832
  0.00000169153869091  0.00000178259567875  0.00000188480646436  0.00000199103088479
  0.00000210267637195  0.00000222509701925  0.00000236011429052  0.00000249868618636
  0.00000265408335258  0.00000281144773698  0.00000297891884388  0.00000315734125713
  0.00000334451145139  0.00000354200080646  0.00000374935657363  0.00000396439930338
  0.00000419568913643  0.00000444243540098  0.00000469622753379  0.00000497127077239
  0.00000525684823153  0.00000555661166522  0.00000587511934142  0.00000620508464155
  0.00000654278009945  0.00000691607997218  0.00000728699136046  0.00000769170155779
  0.00000811536994219  0.00000855589165367  0.00000902347572087  0.00000952858676070
  0.00001004289117357  0.00001060333480735  0.00001119885401871  0.00001181911103643
  0.00001248588745527  0.00001319380420983  0.00001393160794505  0.00001470860514844
  0.00001554256928968  0.00001638934668892  0.00001735388261402  0.00001836834164778
  0.00001944325986881  0.00002060048499125  0.00002181178487461  0.00002310155729633
  0.00002454022407809  0.00002601515572360  0.00002769345183184  0.00002944099687896
  0.00003134689196177  0.00003341123737989  0.00003562621828986  0.00003806005601048
  0.00004069202337147  0.00004357275521982  0.00004668487789606  0.00005006754310538
  0.00005374661940892  0.00005772816115778  0.00006209789529277  0.00006682711040887
  0.00007202444107823  0.00007764991881402  0.00008380866312116  0.00009060283239618
  0.00009801206878715  0.00010624612430898  0.00011519477685790  0.00012506038657196
  0.00013585043378765  0.00014781666360100  0.00016107873808622  0.00017583157225279
  0.00019193476955437  0.00021013698943986  0.00022999245137890  0.00025287261878073
  0.00027824012637009  0.00030714351322078  0.00034202971947742  0.00038247101729390
  0.00042921505482807  0.00048341290389904  0.00055531928598707  0.00064120010441747
  0.00074429285668530  0.00088212480980368  0.01431107646798218  1.00000000000000000
 -0.00238253601133848  0.00962941769482779  0.01966062542936758  0.03004240751256359
  0.04051075794582856  0.05117884891108103  0.06195241018981187  0.07252444340666943
  0.08310788539088748  0.09370764605815879  0.10417955118927293  0.11466552172058801
  0.12508197328995332  0.13552506353122329  0.14598433580899992  0.15634260359436228
  0.16671332111700990  0.17689819261103124  0.18714108665908677  0.19748019000341668
  0.20783533583486552  0.21817639305967645  0.22853017359947569  0.23908064788675779
  0.24983019343154020  0.26055176468620395  0.27131851679370705  0.28205120367140585
  0.29288890593166933  0.30356561370567897  0.31417952415311085  0.32469741254394996
  0.33532879432363089  0.34594738638101391  0.35670647730818095  0.36762637336655102
  0.37831928925719921  0.38878084505606819  0.39915015657153402  0.40960111389319681
  0.42004397389840403  0.43051078922715569  0.44099608557811054  0.45153727958122047
  0.46214165638942778  0.47278684279563826  0.48332198886328465  0.49383917848091841
  0.50435894415053351  0.51496703547936606  0.52546698577652085  0.53592173891883998
  0.54636057182191788  0.55689043373891922  0.56745541579041736  0.57800286911793963
  0.58862743061067235  0.59931492921774354  0.60991608422213683  0.62034972467824989
  0.63093703267599610  0.64155414323591387  0.65205100417273953  0.66250959397031217
  0.67320949486419535  0.68411857429160983  0.69490524828887057  0.70562809207566035
  0.71614983291394718  0.72653925011270570  0.73695428702964172  0.74736869732900080
  0.75791491344614925  0.76840321132786693  0.77911628326360027  0.78989503180016085
  0.80054338349009924  0.81110840223203728  0.82178681406083409  0.83243041823847286
  0.84330273953930379  0.85415263013796960  0.86492035712208837  0.87583317540753625
  0.88640199545047138  0.89691448853382572  0.90717441402512844  0.91744424358544918
  0.92772001470617638  0.93797258897916058  0.94854853086676605  0.95922211841010385
  0.96958246753607491  0.97960354140993122  0.98976143540299055  1.00000000000000000
 -0.00235210916598268  0.00988082489334506  0.02009783593767708  0.03073052973969984
  0.04141296310814634  0.05199288318842157  0.06237923727992428  0.07260109423671580
  0.08290624680054108  0.09315257741156380  0.10358018692455846  0.11394306937534941
  0.12429726904920056  0.13477618213293382  0.14529428405608349  0.15605586453257747
  0.16661085606399717  0.17720142817678763  0.18768402916066640  0.19817660819875085
  0.20871986950480381  0.21927895537304576  0.22987539253617845  0.24051359250763427
  0.25118221313180650  0.26176347858709031  0.27247259950980940  0.28289117709902151
  0.29340949993322119  0.30382877152817511  0.31441559727138857  0.32492556563138059
  0.33536127111155473  0.34579526184981069  0.35621200237423706  0.36638150947051601
  0.37664537977831480  0.38679760706368005  0.39707277303292537  0.40746686151063793
  0.41792231162251253  0.42847190814018982  0.43911750720451331  0.44986944517512861
  0.46064380062998217  0.47122269098022035  0.48177338713952478  0.49209852259536035
  0.50226893810767659  0.51230787535185440  0.52249036920383096  0.53289793802415808
  0.54324199007383966  0.55359228747796363  0.56400862922030270  0.57465154382217443
  0.58521850272449816  0.59561997083198226  0.60605035663911755  0.61659603138509611
  0.62721119100451495  0.63785121804098299  0.64874361475431030  0.65972368238423940
  0.67056883697787439  0.68105078921447926  0.69149397475076113  0.70189445814122486
  0.71229100185673744  0.72266588951593991  0.73317108764085115  0.74365399619405692
  0.75410514926370220  0.76458748883242511  0.77513217187113037  0.78566948840396511
  0.79610623546320947  0.80674097146017065  0.81736973493621212  0.82812346311877660
  0.83880406355023385  0.84961049892348550  0.86039700943359132  0.87120322258779814
  0.88199109962993427  0.89288661143004955  0.90345726747642319  0.91413265488040873
  0.92462767338712160  0.93518949825226450  0.94574502619411371  0.95626393222336359
  0.96717125895039024  0.97810370291889726  0.98910900140291247  1.00000000000000000
 -0.00254217338122892  0.00976601355292119  0.02016604690827394  0.03071576524895077
  0.04122393046437237  0.05183595972035104  0.06246861092182939  0.07290066079068472
  0.08328093421692603  0.09369931340106558  0.10422196960748753  0.11477248284904154
  0.12541629376992641  0.13618643732024308  0.14699253291902342  0.15773151491748788
  0.16855024396432772  0.17916925254535065  0.18960734407333055  0.19975332802624945
  0.21010817820975136  0.22066527895021212  0.23137080442040461  0.24213900179533013
  0.25310297227285389  0.26407295767789191  0.27489283132454723  0.28578909174551465
  0.29672778222800561  0.30779404018137507  0.31844031264004014  0.32890878039449178
  0.33936531789626462  0.34981678501738867  0.36012432807362837  0.37041449976609048
  0.38083138610499845  0.39134727864948859  0.40164505457543498  0.41196271463082157
  0.42230639923023416  0.43276437926290867  0.44322650539950526  0.45374269694431923
  0.46412953110512711  0.47448804844940096  0.48488603218651899  0.49512595390416897
  0.50550945866744723  0.51582849017157306  0.52621743190921300  0.53646696897887591
  0.54682559064983205  0.55734963858470044  0.56790966889866246  0.57836318906607209
  0.58883222571422733  0.59942377839272742  0.61030694226004367  0.62127536772497483
  0.63200187048455181  0.64277872521720703  0.65345397477989720  0.66412562909447881
  0.67460319107143729  0.68513365926661096  0.69573334947778942  0.70626304783844029
  0.71673932427150722  0.72704174930407872  0.73755106269682114  0.74806850529434510
  0.75867175586791114  0.76928211969185345  0.77987312108528106  0.79043514528129855
  0.80073753692647143  0.81107868587080234  0.82150722858832015  0.83208984418171927
  0.84271040008944731  0.85341658917036167  0.86400621701965175  0.87443574452895645
  0.88472446521806658  0.89521452079935493  0.90598262730763024  0.91657174502342709
  0.92698039649514941  0.93723957347615039  0.94777945872519442  0.95815075749574330
  0.96878040517734765  0.97923562834623001  0.98969789553280041  1.00000000000000000
  0.01401453976951859  0.01731873352764540  0.02201749267278084  0.02818882944758057
  0.03516978928798088  0.04209336930982154  0.04937489598200704  0.05685029574068678
  0.06430722684457690  0.07184156280236519  0.07946884190463313  0.08738970299540150
  0.09541849564844329  0.10367849879969018  0.11204562258663206  0.12052668661339828
  0.12916723530306881  0.13782149730218346  0.14661142528883761  0.15560418896356926
  0.16475336992118117  0.17403885250781806  0.18337908617861112  0.19286380722138852
  0.20260771355114257  0.21255601421366496  0.22261867773604857  0.23271949793171612
  0.24285241044857994  0.25294342103636824  0.26299162566587869  0.27312010552929994
  0.28329342475299968  0.29356183716599599  0.30387660514169990  0.31430339230182264
  0.32497696767592027  0.33578027862679344  0.34683024008980196  0.35800789122719195
  0.36933261525444722  0.38070879748833025  0.39212515172606144  0.40350349537712532
  0.41501332829688053  0.42661313875803458  0.43816506341831546  0.44956434468785123
  0.46093867048948584  0.47230406170701550  0.48368305885924834  0.49512784275614458
  0.50668143204067539  0.51828242350865461  0.52994311998338239  0.54165724405808835
  0.55341315346960951  0.56529656715328258  0.57732561447788766  0.58929333208481416
  0.60112888888643135  0.61293170940308650  0.62471666041163565  0.63640280173873198
  0.64798158793735006  0.65954446127436195  0.67105612895731404  0.68254088104244626
  0.69401734435735318  0.70555116227070735  0.71718358918727154  0.72883855442459289
  0.74042758285910404  0.75192480638027948  0.76335721401103185  0.77475161992968600
  0.78616150859198430  0.79755588936189570  0.80888811261857796  0.82001272911170764
  0.83100707977904364  0.84199152247139741  0.85301879474906317  0.86397187343191562
  0.87476248462651363  0.88539806563790657  0.89598132388653906  0.90655923560777329
  0.91717635733741609  0.92788426141377911  0.93857965441640268  0.94933440089325871
  0.96046975019894554  0.97221176295771838  0.98534196683125586  1.00000000000000000
 -0.01758718443485185  0.10004309621738099  0.13501727044374137  0.15659502298228140
  0.17425823132218848  0.18938854603595864  0.20292604416137239  0.21530116965390417
  0.22682971920364997  0.23760848257607253  0.24784021292545669  0.25758660671010647
  0.26688933112249802  0.27577644385661343  0.28433044759240600  0.29268319265739845
  0.30076132297930463  0.30862901846380986  0.31626776142412732  0.32372348494585412
  0.33110093152152359  0.33827026245066583  0.34531085218848057  0.35222553535207568
  0.35900975864721213  0.36568778380197264  0.37229438188650510  0.37883794814528821
  0.38530057180769289  0.39168624313725703  0.39797263016515860  0.40419540760515349
  0.41040616836450955  0.41657763630537958  0.42260110581591281  0.42856720597432679
  0.43452378845892453  0.44043717897769630  0.44629342584095805  0.45210396676846382
  0.45791216444472227  0.46370031235265491  0.46946258439013355  0.47519941891541662
  0.48088877032620825  0.48656999780603244  0.49222881200732360  0.49791193990678356
  0.50359182104450773  0.50929210104727496  0.51502505255754627  0.52074224212237030
  0.52643761057347482  0.53208050219299230  0.53770691360458567  0.54336858464318472
  0.54909169663040058  0.55486123217200145  0.56064711408559986  0.56645750233458114
  0.57229989678078486  0.57821096326482802  0.58421406549163868  0.59029648392552192
  0.59642678649483671  0.60255364438144254  0.60879844539817696  0.61509877101812305
  0.62144529564073614  0.62789517774939030  0.63445914117513202  0.64109894124694822
  0.64782971424539604  0.65467764364395375  0.66160204752130358  0.66864735945732889
  0.67591580445161825  0.68331352230154463  0.69092044384323004  0.69878920473450867
  0.70686710672743069  0.71529902109672716  0.72398755223819000  0.73295155838949755
  0.74226711890149544  0.75201459123759984  0.76228681567587320  0.77308628454956141
  0.78459660116399010  0.79698226777453607  0.81060339080063115  0.82586841653045051
  0.84369271135069734  0.86564025936197397  0.90070671729948937  1.00000000000000000
   3.0822390928929118E-005  -1.0000000000000000     
 T F T T T T T F T F T T T T T F F T T T T T F T F T T T T T F T F F F F F F F F F F F F F F F F F F F F F F F F F F F F F F F F
  <DiscreteSampler_grid>
  grouped_processes
  1 # 1 for a reference and 2 for a running grid.
  10 # Attribute 'min_bin_probing_points' of the grid.
  1 # Attribute 'grid_mode' of the grid. 1=='default',2=='initialization'
  0.0000000000000000 # Attribute 'small_contrib_threshold' of the grid.
  0.5000000000000000 # Attribute 'damping_power' of the grid.
 # binID   n_entries weight   weight_sqr   abs_weight
    10   10   1.134942342653296E+007   7.086544076547269E+014   1.134942342653296E+007
  </DiscreteSampler_grid>
