  0.00928730873462491  0.01684014564783333  0.02748701784257274  0.03876961163178473
  0.04968717089662366  0.06061437605081593  0.07170971062782369  0.08284834003596771
  0.09403509216554840  0.10522386964461447  0.11640356716982821  0.12747644998932278
  0.13833878250551085  0.14935690234463611  0.16060142487283938  0.17178277477168269
  0.18294025200862207  0.19407206984813691  0.20509360698823320  0.21566626824993895
  0.22625132875095885  0.23706031892456092  0.24808931846718835  0.25916762439079633
  0.27013615035892807  0.28103585112297103  0.29194569934770775  0.30300328516814923
  0.31405463421529856  0.32492503621447372  0.33567502237420660  0.34642954657703290
  0.35735221079320301  0.36831532759016616  0.37935781348293640  0.39039952187142318
  0.40150805185013866  0.41258123762720489  0.42361992759267875  0.43452392191424549
  0.44534052080237463  0.45621252806443230  0.46721207028438244  0.47825384593728232
  0.48914948068563913  0.50004844460860809  0.50700044289827439  0.51178535136472114
  0.51674053884789084  0.52166836717286924  0.52664556346421088  0.53150640023138318
  0.53876892648776198  0.54918333105150152  0.55980753678075035  0.57068638890464363
  0.58171724627028143  0.59259947767452037  0.60335929690707679  0.61416179820393557
  0.62496743039101210  0.63558624314590650  0.64612472191463866  0.65688181536431134
  0.66784402792613984  0.67884692994428075  0.68981078408657992  0.70074916379556962
  0.71162252410162286  0.72234619819407131  0.73314571309990606  0.74412590348312535
  0.75508381871233676  0.76597878133186570  0.77695308026417143  0.78817759392319098
  0.79927676638349354  0.81028638876059156  0.82126757125835581  0.83216016286747130
  0.84297308861843934  0.85359955388707920  0.86419442297112803  0.87489670311288958
  0.88567526526903895  0.89652797106520354  0.90735345058233008  0.91811829309351412
  0.92878540482794414  0.93937893267960770  0.95007909451059147  0.96072459717159664
  0.97133318147423542  0.98128603409008275  0.99144640572255660  1.00000000000000000
  0.00000134237451411  0.00000142801802203  0.00000150416535581  0.00000159202456665
  0.00000168968848415  0.00000179695452053  0.00000191782965931  0.00000205440776454
  0.00000220203760423  0.00000237384671566  0.00000255616184482  0.00000275810217870
  0.00000298015858706  0.00000322176392992  0.00000348416571351  0.00000376781875046
  0.00000408339076743  0.00000442389276543  0.00000479755944679  0.00000520603003252
  0.00000564946756661  0.00000613801210766  0.00000667998050777  0.00000727268684289
  0.00000791837164247  0.00000861875551113  0.00000937789530223  0.00001020293846482
  0.00001109904897793  0.00001209269738975  0.00001317700240698  0.00001437620798050
  0.00001568285929274  0.00001712177223954  0.00001872894348465  0.00002046255863320
  0.00002240993590725  0.00002454062417010  0.00002686279581711  0.00002936730442337
  0.00003207098389156  0.00003501791639472  0.00003820135616490  0.00004177695589526
  0.00004564377456576  0.00004987118865376  0.00005445178434355  0.00005939557271347
  0.00006478318647841  0.00007072036629737  0.00007724740350116  0.00008436755835160
  0.00009201927319761  0.00010047339647824  0.00010979996537904  0.00012002846163917
  0.00013122173975331  0.00014354620719180  0.00015725936378602  0.00017258785725065
  0.00018911791882627  0.00020702568690759  0.00022679401244695  0.00024859161791935
  0.00027252740824059  0.00029962709854952  0.00033059296849497  0.00036593710646537
  0.00040571875532114  0.00045010755423181  0.00050030755460944  0.00055553111099762
  0.00061547214243639  0.00067905361997811  0.00074503099336137  0.00081553363224636
  0.00090524126488149  0.00101918795109434  0.00114029147639834  0.00126027621676876
  0.00140154175419646  0.00155592675049693  0.00160361565241339  0.00161558229011189
  0.00162842033960588  0.00164106162657813  0.00166062872472674  0.00174725919339161
  0.00185704295148529  0.00197178178583479  0.00209354111225686  0.00222537555211562
  0.00236659199888597  0.00250190473419022  0.00263035324830037  1.00000000000000000
 -0.00242971381966703  0.01017635936519151  0.01450142246279908  0.01941644199651816
  0.02443902974477166  0.02948065940522559  0.03453974204495513  0.03919395754683293
  0.04919956377381893  0.06008424265438261  0.07075991563945247  0.08155037949575093
  0.09219873792930768  0.10301618479284341  0.11393072334759134  0.12491134428604903
  0.13584838431753699  0.14682729051874582  0.15779352898958218  0.16874570000053463
  0.17958818969013660  0.19036923005615039  0.20110422906332556  0.21195909102047594
  0.22291947574084670  0.23411046766266605  0.24539730518291467  0.25652861060478749
  0.26758012561662531  0.27842518091670015  0.28916235259805978  0.29994890792675150
  0.31068523338288884  0.32149112859527568  0.33234663688440286  0.34329648497542797
  0.35437900667651767  0.36549334853448739  0.37644204641013296  0.38721615149918220
  0.39790955427678348  0.40879223042246032  0.41972862963611196  0.43084756901454130
  0.44201248160181139  0.45344928008959168  0.46481721201417586  0.47611270384149762
  0.48733958627536189  0.49843307398902736  0.50973309690861957  0.52099545025442751
  0.53217502388522941  0.54310439514014897  0.55371560687831933  0.56425150713194216
  0.57481898592344505  0.58540619687995465  0.59595582378082934  0.60645008598972483
  0.61710055034405942  0.62783907560253349  0.63850529833820491  0.64924999702847275
  0.66001392728508801  0.67089416635794585  0.68187411340662529  0.69301840267758308
  0.70428450631047101  0.71553174285409649  0.72654649271064264  0.73736146522844359
  0.74807259846817753  0.75870067686859000  0.76933851779261420  0.78000576554432699
  0.79086729533975619  0.80197334083097283  0.81304166541973744  0.82402972514364481
  0.83501748662113517  0.84611033819731496  0.85723291462388762  0.86828683248608773
  0.87944486992112081  0.89069327070650273  0.90197567176497973  0.91317655880195914
  0.92420125559578703  0.93508519603494511  0.94608367595654475  0.95705655957882707
  0.96781704627529164  0.97846597316258654  0.98910586762352215  1.00000000000000000
 -0.00263443264070896  0.00990357414909579  0.02069816019232277  0.03158236900026315
  0.04244672378444246  0.05299833341000267  0.06353699379778954  0.07416289818937773
  0.08489015100490352  0.09555850693922470  0.10622226002400316  0.11696751617636254
  0.12780173426875052  0.13859377347952975  0.14932727699552215  0.16004709944720932
  0.17077456052974349  0.18156593749406205  0.19252263131438668  0.20354581774735903
  0.21451196605816875  0.22538801598227839  0.23633349284523600  0.24733976551225911
  0.25835686980100592  0.26942620651008758  0.28056797829525115  0.29173956829775655
  0.30285047332624704  0.31399288498608235  0.32521556800521578  0.33646478492254478
  0.34760466339407448  0.35840770100384112  0.36895623328814053  0.37950476250940279
  0.39016476703919611  0.40091768068423778  0.41172633988743584  0.42266579972634388
  0.43370638747086371  0.44466116013541174  0.45554343264516955  0.46636724150529468
  0.47726371749561053  0.48829647831503908  0.49923409332025387  0.51029183448766335
  0.52123952474488289  0.53222215009825691  0.54294691646531001  0.55367953263847580
  0.56446698563923081  0.57539710100994357  0.58642183442521123  0.59741205811668652
  0.60837131749850526  0.61928530479898214  0.63024900347944313  0.64122846258514010
  0.65225167919841842  0.66315550046297655  0.67405415551944126  0.68485577349596871
  0.69583378067305246  0.70687209726482469  0.71792230001987101  0.72880652302266391
  0.73960739360034078  0.75065410437421276  0.76047356480978434  0.76669931699782923
  0.77215096896955071  0.77756926766898127  0.78300447055805633  0.78837876593953737
  0.79435006061145663  0.80571101396543821  0.81660399074755841  0.82760519177673042
  0.83847899292792460  0.84920462342773484  0.85987045244103066  0.87057547041498828
  0.88117808797955854  0.89158115234822821  0.90185961690344685  0.91229941990459618
  0.92300460630751768  0.93392488236154614  0.94486229174046388  0.95573822077253490
  0.96661861311656760  0.97777366148363609  0.98878825384737357  1.00000000000000000
 -0.00266452989169375  0.01004751300489476  0.02091288237514353  0.03193025756819328
  0.04299030860589347  0.05407348397193769  0.06510232257427112  0.07602066344816938
  0.08695890685023552  0.09778176187153277  0.10848195655863044  0.11912691218221505
  0.12981770333946005  0.14060645123094159  0.15135126682230499  0.16206674200888532
  0.17271352604577381  0.18335073654073919  0.19386264509778245  0.20424654803624057
  0.21489096400371735  0.22562427788045461  0.23655976973826773  0.24768081108077675
  0.25876333475909613  0.26973887669213370  0.28060455980842419  0.29151178168222058
  0.30253513012842598  0.31347066640589744  0.32429457328951350  0.33506422727832358
  0.34587226215848538  0.35682480049956161  0.36773822626272523  0.37853082567249879
  0.38914675441486063  0.39979910980106859  0.41061732932535955  0.42141916762924009
  0.43210409490791030  0.44271883982344634  0.45333650742349668  0.46402285345638478
  0.47479321978539785  0.48573653389119642  0.49683777076659652  0.50798603292773414
  0.51909763730547664  0.53029153694087505  0.54130373675380095  0.55211790067100108
  0.56277438800411328  0.57362919015569036  0.58445174097690111  0.59515205397594217
  0.60579373777200185  0.61662010088739228  0.62752431212543569  0.63859731456590763
  0.64961937909440692  0.66058604162569623  0.67152542602971244  0.68267619132381330
  0.69369758612084165  0.70460171879927069  0.71541049127884682  0.72637986218927442
  0.73570571712015154  0.74153860988240905  0.74695812407690165  0.75243621019558027
  0.75792868239685862  0.76335243778762429  0.76977253298302961  0.78114264171006875
  0.79188730211655967  0.80258587066062770  0.81321564397164126  0.82405006549935600
  0.83485405112948796  0.84568193674990189  0.85651990805247658  0.86743109176313438
  0.87837220732606869  0.88926546515256721  0.90017141575996173  0.91120736701704519
  0.92231585940105976  0.93336144740739846  0.94430549765222005  0.95541858160058768
  0.96645616653838873  0.97771314237995177  0.98892027322654941  1.00000000000000000
  0.01140344191433003  0.02951988192213621  0.05256690632056132  0.07495948767924911
  0.09630684043597526  0.11684783309711939  0.13691093385130748  0.15657540650928331
  0.17566434943629067  0.19426290027145032  0.21270333206365086  0.23106186472720927
  0.24917785227063355  0.26688020898569614  0.28419649776343581  0.30137205911040965
  0.31823374155950201  0.33451143825855345  0.35037809713963047  0.36599481672844886
  0.38141751154031267  0.39659346344991808  0.41152625805625526  0.42625915190555208
  0.44066969693494029  0.45468977066536326  0.46850853641703250  0.48207615363320716
  0.49534661187696627  0.50848573213790382  0.52151380057808772  0.53423527358185219
  0.54671176032638880  0.55890589149415293  0.57081812353801864  0.58261083731534324
  0.59424206320053630  0.60568612717999804  0.61686576644746693  0.62785837031723835
  0.63863144507132497  0.64923641282041544  0.65974328180947295  0.67006776205845342
  0.68017082089627245  0.69002538426768467  0.69966958530002243  0.70922921241590864
  0.71873923544459717  0.72820011612053959  0.73751516535427730  0.74659359403702041
  0.75545892771862333  0.76416641375321404  0.77269042227412699  0.78097182979657287
  0.78907368752546825  0.79709267112241589  0.80502448648310898  0.81285044556741493
  0.82058573525249512  0.82821968662468148  0.83572278806221878  0.84306907634141859
  0.85037921798273231  0.85753145332911984  0.86454595502730713  0.87140771470524392
  0.87816979517714344  0.88474066225551162  0.89122715087868343  0.89749809072859454
  0.90355929643301469  0.90946984976226841  0.91524980773146702  0.92088923894788710
  0.92641063092974263  0.93187627128374650  0.93725501914306841  0.94244229419529235
  0.94738515358495490  0.95000165728030361  0.95228236206053463  0.95457857202121421
  0.95686997847122490  0.95914545348638713  0.96139890128610594  0.96364535946164454
  0.96669545761207321  0.97124323777440036  0.97554162136445455  0.97985073047936477
  0.98424442723061134  0.98894304592584936  0.99427296827921385  1.00000000000000000
 -0.01181710331163685  0.05549688437651288  0.07798615409817665  0.09201854745540820
  0.10308791411101438  0.11247276630913723  0.12089313454635314  0.12861564138416257
  0.13584202011701485  0.14265108051953890  0.14907649389555086  0.15504049797366237
  0.16092647718560835  0.16668129759267242  0.17218926275519883  0.17759206433713728
  0.18292316890211727  0.18815859275364469  0.19325149418475260  0.19848335306250933
  0.20216105915545773  0.20460136704198259  0.20709135830913575  0.20951838122373359
  0.21193301509100684  0.21432584320938747  0.21654211346162727  0.22048425022047030
  0.22529209352037322  0.23011650755470714  0.23493113546134739  0.23971439321576721
  0.24447050693065958  0.24921927831761895  0.25394811102710918  0.25866216359985572
  0.26341204281321429  0.26823544501985924  0.27314311712543132  0.27812752343379327
  0.28314170523746524  0.28811397901702812  0.29314128087613406  0.29816571008626264
  0.30328687358213763  0.30845370085500939  0.31365421002051563  0.31886725479289546
  0.32408111587670951  0.32933443938633022  0.33470773456192943  0.34023883972960339
  0.34586395676725568  0.35154088364703934  0.35735874045756866  0.36332012790834944
  0.36936420389409685  0.37548373789800943  0.38190041559821059  0.38834186203499260
  0.39489633176283273  0.40157520700113380  0.40831700618980132  0.41520029144389209
  0.42226465280536402  0.42952765787919944  0.43693200731011539  0.44442246251214201
  0.45204713091198573  0.45988705957994602  0.46798066390851673  0.47626633920551581
  0.48470604109482240  0.49343159173018430  0.50244606862173424  0.51183792429968022
  0.52149709184527260  0.53138262159406258  0.54158204992872527  0.55227304749359662
  0.56341436965251368  0.57494991024848352  0.58673778898963924  0.59904749345444630
  0.61214865852076228  0.62615447107149180  0.64085670359057056  0.65648946939716590
  0.67322234590948105  0.69145757095594151  0.71177557844368844  0.73472910408302083
  0.76146620671925636  0.79520042427671944  0.84537054797622246  1.00000000000000000
   6.1481240553056368E-006  -1.0000000000000000     
 F T F T F T F T T F T F T F T F F T F T F T F T T F T F T F T F F T F T F T F T T F T F T F T F F T F T F T F T T F T F T F T F
  <DiscreteSampler_grid>
  grouped_processes
  1 # 1 for a reference and 2 for a running grid.
  10 # Attribute 'min_bin_probing_points' of the grid.
  1 # Attribute 'grid_mode' of the grid. 1=='default',2=='initialization'
  0.0000000000000000 # Attribute 'small_contrib_threshold' of the grid.
  0.5000000000000000 # Attribute 'damping_power' of the grid.
 # binID   n_entries weight   weight_sqr   abs_weight
    10   10   7.831152218008017E+006   4.009183262796886E+014   7.831152218008017E+006
    11   10   7.831152218008010E+006   4.009183262796873E+014   7.831152218008010E+006
  </DiscreteSampler_grid>
