  0.00932148993303475  0.01674897100582319  0.02573130827287099  0.03689832778360268
  0.04748002157859758  0.05790324869575821  0.06816809066207150  0.07848318909362732
  0.08880395950657979  0.09910170736571193  0.10929214943434498  0.11947087847006631
  0.12957195978830313  0.13957520693649642  0.14961963627433594  0.15979565255577485
  0.16994675747447177  0.18000853366405528  0.19007065958894864  0.20028832771966584
  0.21062439532275776  0.22093761685445223  0.23132007258454390  0.24166302733624279
  0.25195706944687307  0.26214740206011106  0.27229900054750178  0.28245566007030426
  0.29273700001700070  0.30302829485256150  0.31335167634843458  0.32364739259034014
  0.33391342755655568  0.34422128848054834  0.35453247756320772  0.36489031087240864
  0.37524762728257122  0.38570469969188065  0.39616534782835106  0.40653354561042432
  0.41698021907233029  0.42725401518864992  0.43760538430842283  0.44807904865103282
  0.45863343785020172  0.46905488947561647  0.47923828683653552  0.48955102970758296
  0.49998563178824718  0.51051069221849799  0.52098885881997126  0.53152998874473656
  0.54218509605003440  0.55291653561597887  0.56358338170814393  0.57414401683912841
  0.58466245484612434  0.59518460510610260  0.60560623953005099  0.61589639609609381
  0.62627072752514057  0.63676942750877019  0.64730725194635175  0.65769308446072283
  0.66795334701403608  0.67826033793915141  0.68864986942809692  0.69920046690130089
  0.70974767523224569  0.72020202797434085  0.73057262537268219  0.74088707474452742
  0.75135291570825391  0.76184280840305574  0.77228213730316309  0.78262326581336417
  0.79294606267092982  0.80349680298260895  0.81409083940943539  0.82460061201839652
  0.83503237493283144  0.84555531916037419  0.85621226374102755  0.86671183983501632
  0.87714075456084195  0.88747131726436534  0.89792897466030763  0.90814416185276003
  0.91842650105250678  0.92866073570096552  0.93880571933455337  0.94925963843134642
  0.95981584933107877  0.97031960687472396  0.98076509546580004  1.00000000000000000
  0.00000142090926258  0.00000146236578217  0.00000153222422869  0.00000160860540884
  0.00000169910183133  0.00000178858399563  0.00000188895439617  0.00000199744480457
  0.00000211037031013  0.00000223509865196  0.00000237069419509  0.00000251417471384
  0.00000267182122402  0.00000283288248453  0.00000300225017146  0.00000318383639848
  0.00000336993410371  0.00000357580116881  0.00000379078433361  0.00000401682446129
  0.00000425732210477  0.00000450787374665  0.00000477184058421  0.00000505243115276
  0.00000534662646309  0.00000565379472480  0.00000599565160253  0.00000633226654950
  0.00000671698235667  0.00000710910511016  0.00000752566136187  0.00000796681965606
  0.00000842782649263  0.00000891050917466  0.00000942047395338  0.00000994928274341
  0.00001049977204265  0.00001110346354692  0.00001171697124398  0.00001238449200388
  0.00001309116807413  0.00001382647031563  0.00001460952440185  0.00001545040845163
  0.00001630934629179  0.00001727992370924  0.00001830301982249  0.00001939743719593
  0.00002059709461763  0.00002186612048131  0.00002323751881523  0.00002470801120360
  0.00002627828198577  0.00002797254197848  0.00002982495858305  0.00003179368295890
  0.00003397585611722  0.00003622714493454  0.00003874155576126  0.00004138674784155
  0.00004437691472436  0.00004753478854443  0.00005102472448044  0.00005475472543307
  0.00005887157778312  0.00006340966776953  0.00006835244648835  0.00007377557255892
  0.00007971421414085  0.00008632416479634  0.00009353740591559  0.00010132557998486
  0.00010986562188068  0.00011940809061845  0.00013013716308746  0.00014214364961089
  0.00015565572966797  0.00017059384160139  0.00018667449327812  0.00020418949525367
  0.00022352588777024  0.00024629731768177  0.00027301459669150  0.00030309037546536
  0.00033811486965233  0.00037804235863319  0.00042408881763286  0.00047879530515508
  0.00054058314647064  0.00061953515322232  0.00071949235594289  0.00085637767427219
  0.00105521002790579  0.00134365482128479  0.00196746234945649  1.00000000000000000
 -0.00250800236848840  0.00989464160283393  0.02032619248153041  0.03116696009185228
  0.04200390741214722  0.05258819583453259  0.06312250756818741  0.07351689584991791
  0.08396588515532520  0.09430844359833568  0.10484063881242432  0.11520797845216385
  0.12552728970084889  0.13569903349546295  0.14586525275891343  0.15626266944914385
  0.16690542923844923  0.17779348841331735  0.18843225536420516  0.19877714263866980
  0.20895588015204353  0.21920326154016634  0.22944037559552150  0.23990400825974878
  0.25042109509768656  0.26099806046809360  0.27152033087652472  0.28201627713078353
  0.29242982106584825  0.30283099004168362  0.31323521614889172  0.32391008154531492
  0.33465291910577871  0.34548499665108495  0.35618525171070048  0.36666687477894527
  0.37724296014818887  0.38759519743434545  0.39794567504149864  0.40822169159311633
  0.41839303026598995  0.42866318797407676  0.43894168327381133  0.44948402355652739
  0.46013151454435414  0.47065867569513731  0.48142241139993314  0.49212895871177853
  0.50271405924862667  0.51332342696347910  0.52394511598985560  0.53469933470375941
  0.54546610474110357  0.55602253194561135  0.56665484215043394  0.57723373958330326
  0.58778715723705921  0.59823897657108471  0.60875655136337370  0.61932922190803830
  0.62990458586153208  0.64046961812046255  0.65112573639180626  0.66161884442507823
  0.67217624147233335  0.68272156845004806  0.69324174412990613  0.70373839358803725
  0.71429959094573026  0.72511222132322017  0.73576517236042560  0.74647316772842953
  0.75719836780018324  0.76785397949828293  0.77839125262420594  0.78887106947069030
  0.79950304367958069  0.81016851423582870  0.82075282328916288  0.83138830813267584
  0.84200963672404994  0.85261808970052488  0.86304847080552172  0.87349127092400514
  0.88402849021051133  0.89480157632596902  0.90550729665277241  0.91617481721572036
  0.92674130626937201  0.93740985416876743  0.94779008241604579  0.95812679597976624
  0.96833630396075543  0.97889574129014389  0.98939378403652523  1.00000000000000000
 -0.00225710969947208  0.00913990508067601  0.01937259119345038  0.03011751963399443
  0.04088558554677763  0.05136343426393460  0.06164858913355769  0.07198927950540061
  0.08229882239158355  0.09261359049177212  0.10298466570246934  0.11329773458704093
  0.12367368908099673  0.13439404973337452  0.14518453360737291  0.15608089491201604
  0.16690890048290991  0.17765808404788491  0.18829460188597813  0.19873489036605191
  0.20931137864087335  0.21989997758533469  0.23055906032888465  0.24117741582147495
  0.25188420206365514  0.26240065288722214  0.27296672189990084  0.28326611555252190
  0.29359047436547281  0.30380579024486676  0.31411166048264000  0.32446584805435452
  0.33491011596329040  0.34552160846849339  0.35615694879750198  0.36677485735890175
  0.37720275872298220  0.38789773111384623  0.39849085854283756  0.40913897879817152
  0.41991871058432434  0.43071260483820500  0.44143282680584606  0.45185862131075266
  0.46269691250724443  0.47348958236603783  0.48414333951602190  0.49463234654777144
  0.50511019370892796  0.51551901477908169  0.52592624384634568  0.53651394626655757
  0.54722862907630276  0.55790931199328320  0.56857514362179640  0.57946336365941264
  0.59019715818410023  0.60091193789954633  0.61149142445252469  0.62228403845559332
  0.63292368433248181  0.64361795476673966  0.65417520721517930  0.66464808701288336
  0.67517691471291719  0.68570350465269070  0.69634654052196687  0.70678757070180731
  0.71719128672769572  0.72765858760421265  0.73786438916571340  0.74813317403828672
  0.75853139743187681  0.76907323520862203  0.77950819969385610  0.78968475730348264
  0.80004486100533601  0.81035215816215134  0.82083662423366333  0.83142276584748587
  0.84199891271283567  0.85278068877055224  0.86341628857422770  0.87403621650475705
  0.88448191643809804  0.89490923685390955  0.90540817806444140  0.91584020260803345
  0.92641785705407065  0.93676772703088207  0.94719663370995744  0.95758188575063352
  0.96836564846051454  0.97915752078229368  0.98963083591263024  1.00000000000000000
 -0.00223958554486525  0.00955758505891157  0.01976954087293435  0.03024459303381975
  0.04076005519386306  0.05158716832137444  0.06238727139289754  0.07318931264556630
  0.08381407850971692  0.09443551852186975  0.10483078258868561  0.11516549500413732
  0.12541343046197020  0.13574659423109944  0.14600690691250151  0.15632376407638834
  0.16664172265767319  0.17700199837094319  0.18741549278990749  0.19779356553948269
  0.20815113278150016  0.21868053091144415  0.22917498501185757  0.23976989835998894
  0.25034251202909696  0.26110359832988589  0.27193066936501659  0.28257361551246579
  0.29331441222147364  0.30401317543468243  0.31466007561451431  0.32522950736178075
  0.33584185588272153  0.34658513946051639  0.35737712641339348  0.36793273831593026
  0.37833417420621374  0.38878667310829801  0.39934903907279190  0.41017608710831144
  0.42085450621401937  0.43141489110988507  0.44175724847621833  0.45208391878838927
  0.46247796622243759  0.47294204367107273  0.48349935829099577  0.49408055909943510
  0.50476552011489073  0.51532941603987636  0.52593276233441388  0.53652810401129503
  0.54709628316491976  0.55758409507994655  0.56813701918615034  0.57881233593027137
  0.58940341135377050  0.59994645607545216  0.61037667921497152  0.62087237358016678
  0.63119189017851651  0.64156028306545421  0.65209349488153012  0.66261680132151357
  0.67300844939119209  0.68330505106246631  0.69369488483666275  0.70418354674241745
  0.71462242436992007  0.72505652811726151  0.73555417886353947  0.74604983099571298
  0.75646175727007403  0.76699782859846599  0.77767203586732059  0.78842313830675792
  0.79888437543888069  0.80915972177569206  0.81956101824808192  0.82988170915272741
  0.84047009320240007  0.85083142152079205  0.86156743561768223  0.87225478795298739
  0.88319196824789536  0.89395583364643671  0.90458297280965405  0.91510769600716713
  0.92577539425961564  0.93643580667519821  0.94689113543891790  0.95751048062309907
  0.96825060986816169  0.97901342508478628  0.98942788466159926  1.00000000000000000
  0.01682223953565782  0.01931728431874195  0.02487294902327982  0.03328464089622461
  0.04098753919235173  0.04817089623329990  0.05546280241491328  0.06301794003287672
  0.07086727912696510  0.07887599782551806  0.08696882114343393  0.09510030482379415
  0.10332187250809650  0.11167625692186735  0.12012154305520803  0.12863712890328577
  0.13724060452442299  0.14593509949986261  0.15472255387255279  0.16351286921583752
  0.17255794817719119  0.18180025298939118  0.19103146217687134  0.20023780780329589
  0.20955425633245028  0.21903593183628978  0.22857920579620591  0.23813362639878213
  0.24776450933118491  0.25761602018995328  0.26761085642647703  0.27785741074102666
  0.28823278972070854  0.29875033041561522  0.30926859440223753  0.31981926934147209
  0.33037265467381161  0.34094097769594173  0.35161320459248979  0.36242315391949675
  0.37339029107054300  0.38453188964227591  0.39569155174630427  0.40712294125838311
  0.41853884677869052  0.43006661831214504  0.44141690998121219  0.45273560916505584
  0.46394424830202496  0.47533060228318796  0.48689073911782421  0.49848860446728138
  0.51008094117467351  0.52175724500665310  0.53370273393890799  0.54575206517908559
  0.55777996321940915  0.56976628496925619  0.58156821763389899  0.59311514094140116
  0.60454438298096735  0.61604401267509845  0.62762299918164610  0.63922526103700272
  0.65077258203905886  0.66224271022283010  0.67375065021846758  0.68521766174461429
  0.69664892462213401  0.70809351196012182  0.71959649834569372  0.73104620986941560
  0.74242259394974430  0.75375371160716831  0.76511056442171943  0.77655579035684053
  0.78805578939192900  0.79951523645260858  0.81089951098760571  0.82221103696443609
  0.83334896676002279  0.84436710458836695  0.85528502016837782  0.86613841365106958
  0.87694051777910886  0.88770010542081434  0.89825609572153042  0.90864480514046297
  0.91889848631730853  0.92914819357009992  0.93930538356431104  0.94955282763123772
  0.96018395010863244  0.97154978709893913  0.98474965076159438  1.00000000000000000
 -0.01760301464660548  0.10013815208794753  0.13496618250331069  0.15677355933969817
  0.17468771990109810  0.19000971726247637  0.20373826742209572  0.21623224254202597
  0.22783445672246203  0.23871290056474873  0.24897805685134664  0.25869721164982085
  0.26799603453269799  0.27690984392417495  0.28548061342787950  0.29374272749530067
  0.30167369363694163  0.30945409627113279  0.31710650954594299  0.32460195870392339
  0.33194658297975688  0.33900426928397231  0.34595125076531064  0.35282188585260676
  0.35956880193663343  0.36622206232336046  0.37278073518789534  0.37922054495585450
  0.38556368734764535  0.39184486956569242  0.39806948783350921  0.40421234740425899
  0.41030280357846810  0.41635453872458156  0.42236290617377825  0.42835114386001139
  0.43428896142606105  0.44017530939326099  0.44601353984696107  0.45184738597785196
  0.45762779933499143  0.46334340655032952  0.46903134529396956  0.47471543548012224
  0.48039469516582256  0.48606096426402412  0.49174300599336268  0.49741102010356303
  0.50313498173004234  0.50885024627114739  0.51455928913188043  0.52028490848161824
  0.52602183304539463  0.53175860066857306  0.53749607592315596  0.54325058817456207
  0.54903076110186777  0.55483455215932687  0.56067580930618477  0.56655888937379495
  0.57251859630692603  0.57849210490309289  0.58451381074680553  0.59065613001974282
  0.59679325386594351  0.60296498488687378  0.60921051731908815  0.61553559045702710
  0.62193886406143584  0.62840637308768676  0.63493157687424373  0.64153663135778205
  0.64826365993964130  0.65512258104325360  0.66204760007309527  0.66905270875415790
  0.67632227027420400  0.68370221264712339  0.69140543217990380  0.69936501277044771
  0.70754504945513930  0.71596489985029921  0.72462865731644654  0.73363376939495673
  0.74291838937509502  0.75252907904903843  0.76256589183412138  0.77324419296912872
  0.78479175267453882  0.79733032954870608  0.81105544411764041  0.82623615485800150
  0.84390489343471331  0.86570850080157369  0.90106918224849908  1.00000000000000000
   3.1141494291912602E-005  -1.0000000000000000     
 T F T T T T T F T T T T T T T T T T T T T T T T F T T T T T F T F F F F F F F F F F F F F F F F F F F F F F F F F F F F F F F F
  <DiscreteSampler_grid>
  grouped_processes
  1 # 1 for a reference and 2 for a running grid.
  10 # Attribute 'min_bin_probing_points' of the grid.
  1 # Attribute 'grid_mode' of the grid. 1=='default',2=='initialization'
  0.0000000000000000 # Attribute 'small_contrib_threshold' of the grid.
  0.5000000000000000 # Attribute 'damping_power' of the grid.
 # binID   n_entries weight   weight_sqr   abs_weight
    10   10   6.765681053247189E+006   8.708232579141914E+013   6.765681053247189E+006
  </DiscreteSampler_grid>
