  0.00947930468675862  0.01632923616364190  0.02541461305509235  0.03608172989725477
  0.04639775681690032  0.05674820301786283  0.06698844113000703  0.07730151515709723
  0.08778492165259238  0.09845528315832734  0.10889284412948133  0.11915219099167432
  0.12951923096427104  0.13990967147407402  0.15029838400835907  0.16055393016980335
  0.17077607069152620  0.18101275113196452  0.19135289445721473  0.20189171585006138
  0.21234992361621483  0.22285264342917682  0.23344613324974370  0.24427313805804982
  0.25500963065133381  0.26561997464554082  0.27620181610379463  0.28682535920202257
  0.29731209263659419  0.30765296147238663  0.31792179473215715  0.32817678969748054
  0.33841171213763360  0.34868318216877159  0.35912860096370480  0.36970424015097708
  0.38030106221548726  0.39081073846573705  0.40117152137089329  0.41142534664242941
  0.42172154753619501  0.43204352708635474  0.44230406643278825  0.45249551821338319
  0.46279578358401963  0.47319245717587510  0.48359008183442376  0.49395226586374807
  0.50432799581704713  0.51466922123999848  0.52487487681487766  0.53498440164717931
  0.54507182631897877  0.55519012744741747  0.56538652175387660  0.57571143780565903
  0.58616887387444605  0.59671287602180900  0.60730270415327237  0.61790067545130678
  0.62838960181403558  0.63875572037786454  0.64906389662799635  0.65938636990748811
  0.66974217950418535  0.68006771345645445  0.69030159171445649  0.70042394945758923
  0.71046620514337366  0.72052028537666091  0.73067999284681295  0.74093113782565523
  0.75129042598418605  0.76169289623170067  0.77214806160284033  0.78257767216249929
  0.79297194933869652  0.80332442259709624  0.81362997447015739  0.82390274290516885
  0.83414215161400895  0.84448121041461466  0.85486721079220529  0.86535833823031438
  0.87595411813314250  0.88668646362879211  0.89755427596858250  0.90833832345937215
  0.91904438611348460  0.92948191541712388  0.93977581842989277  0.95008545931269373
  0.96047845028881640  0.97068946590724703  0.98095891192051243  1.00000000000000000
  0.00000136181340897  0.00000142009102160  0.00000150439996511  0.00000158901023258
  0.00000168345454897  0.00000178302596229  0.00000189096044686  0.00000200608301943
  0.00000212472095247  0.00000225614160782  0.00000239394190385  0.00000253957206381
  0.00000269689424455  0.00000286148954054  0.00000304240226508  0.00000323482317117
  0.00000343601874923  0.00000365092295337  0.00000387503743600  0.00000411087223464
  0.00000436104313342  0.00000462006928693  0.00000489790052851  0.00000519039399730
  0.00000549615797778  0.00000582479712118  0.00000616983669736  0.00000652692179115
  0.00000691178110760  0.00000730078250016  0.00000771725319199  0.00000816317747055
  0.00000861591479032  0.00000910754311338  0.00000962835939199  0.00001017493576600
  0.00001077100199466  0.00001139043235906  0.00001204115579339  0.00001274383603300
  0.00001349139834718  0.00001428757663800  0.00001514454861252  0.00001604406253775
  0.00001700027901476  0.00001806407273975  0.00001914125919795  0.00002036353102193
  0.00002162696842877  0.00002301766965601  0.00002451639683349  0.00002612328152025
  0.00002787313616549  0.00002975461408062  0.00003177842247069  0.00003397481296150
  0.00003636747476986  0.00003896582765809  0.00004177050563495  0.00004479775087734
  0.00004806436104013  0.00005160127616132  0.00005542990514192  0.00005960044052206
  0.00006417063499691  0.00006922964063087  0.00007481263516953  0.00008107923751041
  0.00008800445049996  0.00009570498188538  0.00010402605339831  0.00011311724640165
  0.00012289267042168  0.00013371793617596  0.00014571763372066  0.00015898852373453
  0.00017358468389438  0.00018947766263157  0.00020714555455443  0.00022664497688042
  0.00025024177857727  0.00027817481383047  0.00031007653910895  0.00034835522947109
  0.00039145793353171  0.00043620954948806  0.00048836377546422  0.00055026083819714
  0.00062458904073264  0.00072562691101486  0.00086230083483022  0.00106098327107744
  0.00135592381816826  0.00197012576478773  0.00308021555809557  1.00000000000000000
 -0.00252663225543820  0.00974627116042215  0.02011030614025770  0.03099893783831324
  0.04183139670668717  0.05271551734956888  0.06347998992776012  0.07435623717257030
  0.08519566322599485  0.09574164868152793  0.10616700162575526  0.11657292612714493
  0.12714565059443092  0.13783050687412490  0.14850427803508828  0.15915788622266194
  0.17001465943953506  0.18095968090944561  0.19184237361114717  0.20244244860563379
  0.21300318858431902  0.22351338668759468  0.23400544081192584  0.24445519343489835
  0.25474540021421571  0.26480051835402496  0.27492845475333039  0.28531003581908715
  0.29586347648070871  0.30632636681115621  0.31680237651938975  0.32721943330225889
  0.33757203272739766  0.34782920353000429  0.35815065985796324  0.36860553395516116
  0.37913757478504273  0.38964179320099041  0.40010192410264428  0.41057890573691369
  0.42122866662609854  0.43179448212769761  0.44231620216061351  0.45267173763692958
  0.46299982488588459  0.47326986290596051  0.48353205152954076  0.49391180055926770
  0.50436006870644001  0.51489026464018550  0.52523970815639920  0.53551694252040349
  0.54593034514133831  0.55673791621591917  0.56760580275794281  0.57825810302272740
  0.58876248690451616  0.59935146248005222  0.60988414205461727  0.62050246511638874
  0.63121669901624189  0.64195018797503589  0.65253306056937366  0.66298511894819612
  0.67347989404130471  0.68412690753989946  0.69484200870737500  0.70566721848781766
  0.71645391114574908  0.72718931139489917  0.73784885665506628  0.74835295614453556
  0.75879157418467902  0.76915917637339737  0.77970307796711757  0.79026730087347896
  0.80101578688528363  0.81176504000841643  0.82264099092942977  0.83341151172047689
  0.84394802048224671  0.85451629932779094  0.86494130816498216  0.87552323259094855
  0.88583873202720564  0.89627394685530004  0.90658581937347371  0.91704003925352717
  0.92751330048244296  0.93799284804866878  0.94835700623819985  0.95867709854261818
  0.96923684333569782  0.97948076515904148  0.98980923170872848  1.00000000000000000
 -0.00245353923960965  0.00936982691232581  0.01923630767754464  0.02959019582783690
  0.03992046020920769  0.05079889860355984  0.06161060770643582  0.07236122185439725
  0.08287477236366358  0.09356589636679316  0.10423549786122698  0.11473138523257816
  0.12507277032288908  0.13557101254837065  0.14604032809976403  0.15660338201730789
  0.16707146656041477  0.17768081930874016  0.18802416938537025  0.19855166253044537
  0.20899720699916463  0.21957927814548081  0.23003174011266064  0.24064848146836365
  0.25114301493487245  0.26158470243067866  0.27210011763061409  0.28295259967679359
  0.29361544358657182  0.30408514577594248  0.31447591162991689  0.32497178718021313
  0.33561906631317517  0.34615000330924001  0.35666721311465649  0.36726186332232946
  0.37775589662007836  0.38845326963345578  0.39899976732377929  0.40953334605293940
  0.41999008174144165  0.43033691840755300  0.44064963696050080  0.45095129081406260
  0.46113411281434336  0.47137593658599708  0.48157530936533255  0.49209059658272147
  0.50258720871490503  0.51320484168031344  0.52382527335417783  0.53443416970652147
  0.54500916346288864  0.55537350908780436  0.56574957840237217  0.57590061670136128
  0.58612924946767953  0.59680906433227854  0.60750441406778188  0.61814562616739333
  0.62872109495410522  0.63942452603107214  0.65007310996854739  0.66062049126567157
  0.67139156504945607  0.68233976936612795  0.69321368612986167  0.70395381833956017
  0.71468127721503993  0.72522374088169705  0.73561169799018500  0.74594967343950069
  0.75637120242074996  0.76681192511929952  0.77742400366544384  0.78798309590557314
  0.79853356253525620  0.80910553114757211  0.81975207522228022  0.83040335426993150
  0.84095911905612186  0.85153543068136239  0.86192854834768795  0.87235576510317603
  0.88270276926767910  0.89321594476235144  0.90380988736046208  0.91445536563296381
  0.92513447724712539  0.93594686524318416  0.94682855214058059  0.95781484162232644
  0.96833307650779010  0.97898651121785829  0.98946434982913611  1.00000000000000000
 -0.00246743796000628  0.00938468459144558  0.01933109910750112  0.02963789254405125
  0.03990997496810328  0.05019316401294716  0.06053617827143813  0.07077666957528182
  0.08094656162057622  0.09137454468041928  0.10184917234519759  0.11255130452902021
  0.12308230808071566  0.13373571319431035  0.14433629887116062  0.15496947577355463
  0.16563600042766574  0.17629224331594534  0.18681445720882608  0.19738547388659941
  0.20796156342712963  0.21851629782489326  0.22897290653380270  0.23952252856204426
  0.25001464226026054  0.26054006594930074  0.27097084428281198  0.28147461342691110
  0.29188287456994466  0.30230572329558758  0.31282730229542760  0.32360293814462338
  0.33430798765140146  0.34487112893273453  0.35539943614060093  0.36624410326951351
  0.37711109225390710  0.38759256262383318  0.39807800670392840  0.40848311045693930
  0.41890690376490503  0.42922484942760769  0.43945346736088925  0.44992236977144084
  0.46047626392744284  0.47140826359399779  0.48250974728960500  0.49347676976396959
  0.50423132994490705  0.51483469379168201  0.52532747228287224  0.53574454257961834
  0.54623715685572471  0.55666715204064798  0.56696954672047695  0.57712269586925569
  0.58738060603927866  0.59776126076204561  0.60806337298673963  0.61844225701785172
  0.62898492899638248  0.63980944407677687  0.65064863192070832  0.66144001680073738
  0.67205527248443142  0.68279255383581172  0.69356678509817982  0.70436669443230582
  0.71505217703951918  0.72582981881216968  0.73650113662061345  0.74720968318493930
  0.75774757226207134  0.76835782288887855  0.77872334356241757  0.78923757287317486
  0.79958527633003562  0.80968384371299384  0.82001545486619531  0.83039430880837983
  0.84116135579721385  0.85199714401030013  0.86292275453521250  0.87396937560701604
  0.88456441795214780  0.89502104381652758  0.90525769011308499  0.91560147732452835
  0.92615299618276370  0.93674759341561475  0.94742304939581956  0.95793038221980931
  0.96843310484163447  0.97883112939495709  0.98946641470746388  1.00000000000000000
  0.01406761854991078  0.01777841988609405  0.02280199408520603  0.02984441960780116
  0.03728418291415909  0.04451070299103133  0.05208498351181499  0.05964789317706937
  0.06754775193497260  0.07552560970435056  0.08366725264378741  0.09187571546994772
  0.10012381020977927  0.10844047227423388  0.11686921103649235  0.12541449823776760
  0.13396375843137431  0.14252232670713477  0.15110680976862537  0.15986605033252094
  0.16884589191969110  0.17781077101234283  0.18687527365016349  0.19612945494756043
  0.20556598410791338  0.21518016066746307  0.22493841513057722  0.23462156244556548
  0.24445396488040499  0.25427737110403525  0.26419830287768731  0.27415403218752343
  0.28441139230209767  0.29487717262638768  0.30558079642865965  0.31648286036436846
  0.32750940462314304  0.33859731052520009  0.34970971961508912  0.36062026357461119
  0.37150937882355228  0.38241223681215786  0.39343061957473852  0.40459013541555761
  0.41577925564143881  0.42717970697018648  0.43866692256473133  0.45036357333492777
  0.46210123732229291  0.47376783973762393  0.48539254239865243  0.49689028758382237
  0.50840474803747138  0.51997403956616628  0.53164392904916258  0.54331599075631898
  0.55502448370342050  0.56682776771983767  0.57869327954885486  0.59056586059104932
  0.60239265758971539  0.61438720980115924  0.62648182280977460  0.63850303710659073
  0.65045123264761595  0.66242193241067360  0.67435311137399556  0.68611367061221695
  0.69771707092868984  0.70929681252204368  0.72092160973424579  0.73254679832807768
  0.74406690944114040  0.75544543719538748  0.76674175218110174  0.77799053084314085
  0.78921844670992536  0.80035355257294427  0.81130398184873387  0.82215673681652979
  0.83295598020497763  0.84377343061670051  0.85447749929052974  0.86519340219615681
  0.87591513697569123  0.88669830094162705  0.89737082189241602  0.90797407078930537
  0.91842873948362103  0.92887708541218683  0.93945824967580083  0.95010086517295478
  0.96096232231647216  0.97226141696858559  0.98528902096734250  1.00000000000000000
 -0.01689131201138049  0.09858144904756480  0.13395345585264681  0.15563635311003390
  0.17341384160986756  0.18874676467402526  0.20251333157352056  0.21505674818447232
  0.22665797925221490  0.23748819064419074  0.24774904722463206  0.25749429653049255
  0.26684605282137447  0.27577561284546337  0.28433490563199226  0.29262267388357699
  0.30064542696305785  0.30852385051776832  0.31619493978950036  0.32364136469753152
  0.33096141296425835  0.33801459798800260  0.34495184003292612  0.35181095296971565
  0.35857352370825457  0.36522844595747295  0.37178480065099245  0.37825293556470779
  0.38464766041401277  0.39102715650428521  0.39740060615693318  0.40365527610325835
  0.40984359371889523  0.41599997473648787  0.42204884630983058  0.42802227965858486
  0.43393522142424490  0.43976906988817005  0.44558408882892581  0.45138411997519451
  0.45720702803513197  0.46303625713490459  0.46885756536793877  0.47467768138250427
  0.48047242660472733  0.48625266479032880  0.49202215489630818  0.49774641353927174
  0.50341233408726394  0.50904639247162498  0.51469628724182126  0.52036767083416646
  0.52603950390485588  0.53170966528877084  0.53737090068018312  0.54303899661728716
  0.54875060333930903  0.55450582403293636  0.56029977302263767  0.56613631733135794
  0.57202154897208191  0.57792819790568561  0.58387794269109383  0.58992066439555224
  0.59599103153727284  0.60213353964140759  0.60835982104097175  0.61464050685708838
  0.62096415765893120  0.62738713900495846  0.63396152892870195  0.64065755038754124
  0.64746067232400728  0.65439994198747242  0.66141959327225885  0.66854720944964274
  0.67590625363933943  0.68338158460056597  0.69107819811089199  0.69895175121472441
  0.70701187315681513  0.71536416362928834  0.72404729190857819  0.73300667686619758
  0.74237211713561402  0.75211293613305275  0.76233521058540066  0.77305599656192758
  0.78448035534728000  0.79685918632955277  0.81051046413055772  0.82577064245767651
  0.84349451835519640  0.86506330388051300  0.89949421578539490  1.00000000000000000
   3.1809063282332364E-005  -1.0000000000000000     
 T F T T T T T F T T T T T T T T T T T T T T T T F T T T T T F T F F F F F F F F F F F F F F F F F F F F F F F F F F F F F F F F
  <DiscreteSampler_grid>
  grouped_processes
  1 # 1 for a reference and 2 for a running grid.
  10 # Attribute 'min_bin_probing_points' of the grid.
  1 # Attribute 'grid_mode' of the grid. 1=='default',2=='initialization'
  0.0000000000000000 # Attribute 'small_contrib_threshold' of the grid.
  0.5000000000000000 # Attribute 'damping_power' of the grid.
 # binID   n_entries weight   weight_sqr   abs_weight
    10   10   2.882479399501501E+006   1.599169731876569E+013   2.882479399501501E+006
  </DiscreteSampler_grid>
