  0.00951365882450353  0.01556802807315890  0.02477342877777050  0.03558530295350172
  0.04588195991057979  0.05614101816092098  0.06636841384969608  0.07691436580135906
  0.08753244411266546  0.09824668725247852  0.10881866478407246  0.11938244385570168
  0.13004496136991744  0.14086802481485736  0.15151635393053725  0.16202798061058113
  0.17235251134163701  0.18256999592891265  0.19277566307211183  0.20296167467838291
  0.21316285278560723  0.22331704497172769  0.23350169256986447  0.24382895299113255
  0.25417036869829185  0.26432259414287701  0.27440335567253454  0.28436805443345120
  0.29443087160060438  0.30460878970802618  0.31485894912174739  0.32509423756601075
  0.33534226584208676  0.34571487849247934  0.35616437309650373  0.36663869764324913
  0.37719692180324715  0.38793678108118529  0.39869003626654947  0.40943996319348852
  0.42012209933551964  0.43070683781648483  0.44119657627431469  0.45155561951061385
  0.46192010628878244  0.47235107283421196  0.48278943251049861  0.49326319891623843
  0.50375393289363857  0.51423795649856818  0.52460168046914069  0.53485425475805348
  0.54527659550385565  0.55583301757220571  0.56635761923227546  0.57688806979664131
  0.58753333985782230  0.59828413634266109  0.60888494886449041  0.61922784816174747
  0.62956232105690180  0.63990604314934219  0.65015408460086366  0.66041903890222642
  0.67065093786338625  0.68113207235073470  0.69157398530453107  0.70185819272579797
  0.71210624129539934  0.72214713914334050  0.73227719158986626  0.74257713026490368
  0.75279764462240972  0.76303490622514825  0.77322847414865437  0.78340019142181094
  0.79370305977143152  0.80391754589431785  0.81419083174918716  0.82454073976118514
  0.83489701679415451  0.84535273843713121  0.85576026426089691  0.86586423917333044
  0.87601758183279665  0.88614854695063738  0.89637151047709240  0.90655955610763150
  0.91676470021856282  0.92725961494527853  0.93777750745040178  0.94837168020481633
  0.95888435070937073  0.96958464016564816  0.98022023633566679  1.00000000000000000
  0.00000135774039720  0.00000142656995775  0.00000151639851892  0.00000160990324831
  0.00000170677463327  0.00000180745890960  0.00000191154411627  0.00000202004245534
  0.00000213179458518  0.00000225886265268  0.00000238909384520  0.00000252905831082
  0.00000268193756989  0.00000283950027241  0.00000300881631391  0.00000318774214839
  0.00000337510732663  0.00000357599222114  0.00000378909899505  0.00000401321140695
  0.00000425435269705  0.00000450693307912  0.00000477286019546  0.00000505960245216
  0.00000535088200256  0.00000565875858906  0.00000598472548940  0.00000632158626567
  0.00000668528133261  0.00000706865168186  0.00000746041465223  0.00000788530899242
  0.00000834006140294  0.00000880367660829  0.00000931548074997  0.00000983205218164
  0.00001038479063821  0.00001097594022583  0.00001159749092653  0.00001225771746148
  0.00001296779086748  0.00001370277736975  0.00001449659003575  0.00001537005285748
  0.00001626888351268  0.00001724268650609  0.00001826991452048  0.00001934855098270
  0.00002052241398526  0.00002177725233137  0.00002311041565616  0.00002462494770580
  0.00002615219814613  0.00002789564268953  0.00002969176120977  0.00003167234304649
  0.00003380141254715  0.00003609040020767  0.00003863680092120  0.00004140972897569
  0.00004443409308192  0.00004771923511282  0.00005131168806731  0.00005523603271388
  0.00005950452094464  0.00006414420099213  0.00006919234835015  0.00007471935713576
  0.00008075980887016  0.00008739786448514  0.00009466754618295  0.00010264908395637
  0.00011138052207494  0.00012101377646406  0.00013174957014168  0.00014382628591692
  0.00015709372991028  0.00017161822125282  0.00018733203659513  0.00020457516588425
  0.00022340817060260  0.00024420277262122  0.00026725847066758  0.00029414182351214
  0.00032484683719225  0.00036034446824051  0.00040120206216534  0.00045097028062526
  0.00051198389482782  0.00059422695919055  0.00070167983490704  0.00082902092619998
  0.00104511574536027  0.00139838918621481  0.00342179128243607  1.00000000000000000
 -0.00243178183439389  0.00904551216868735  0.01896450934359199  0.02939747655832048
  0.03982407581397113  0.05014161205260219  0.06043627371940274  0.07087574225505493
  0.08137705918184525  0.09203259697785192  0.10284359004732575  0.11359320423267266
  0.12409920707455739  0.13437382796075273  0.14462228333880278  0.15492265040822631
  0.16532691652079171  0.17578307089976850  0.18638778268038458  0.19716022377882639
  0.20788646904005431  0.21841535639032156  0.22890344381805808  0.23941996194046303
  0.24998625250102399  0.26041459231445480  0.27091663420636758  0.28138138181834738
  0.29188300183772325  0.30226295772044920  0.31254651114547888  0.32278172883302836
  0.33317846339559010  0.34366699549011298  0.35424166040035371  0.36458370708116922
  0.37492532037673781  0.38511563309420310  0.39534219332737736  0.40561902366771574
  0.41588755638973601  0.42632563618721298  0.43669288051559157  0.44754780582027909
  0.45827226716527403  0.46904872882447834  0.47959955274748828  0.49012983571447372
  0.50084143909404111  0.51170719476487370  0.52236741352337857  0.53293166926186730
  0.54340435356592054  0.55441271756245414  0.56510351473391884  0.57567388213162396
  0.58616971436879739  0.59689435555120784  0.60780325290788306  0.61862165945179448
  0.62958752196062240  0.64054560722461695  0.65137895670731372  0.66216662177498520
  0.67293128045401673  0.68376324040558478  0.69444444761822932  0.70508901610826202
  0.71570332029818262  0.72647662251522427  0.73722788852913335  0.74789700835942108
  0.75829713048005498  0.76880537224522782  0.77925939997527516  0.78979663223105934
  0.80016758570807045  0.81040095265600176  0.82074277638466986  0.83109642578221021
  0.84171575478985416  0.85241983247737729  0.86328487920483998  0.87413585869019206
  0.88480636160079584  0.89539883943792609  0.90582880398713317  0.91625896956127106
  0.92649068281811331  0.93660580297139262  0.94708785451081579  0.95754825611599470
  0.96832331029317575  0.97875236894914230  0.98941324087018745  1.00000000000000000
 -0.00240116700775590  0.00924191939171757  0.01902711122753556  0.02933662097387139
  0.03973356839160690  0.05049450253502821  0.06103816902119888  0.07172938909584900
  0.08218579179641278  0.09281467226434399  0.10351746713685518  0.11409194560133323
  0.12470254779113091  0.13522194137171498  0.14575754556436182  0.15625141102907802
  0.16673377231791139  0.17712544472789388  0.18747816928284070  0.19786637598876936
  0.20851816328020745  0.21913381432166701  0.22967249940433898  0.24012195791594654
  0.25067466047514642  0.26155781654906862  0.27231341290476863  0.28294516893340244
  0.29341764301991313  0.30406036175711310  0.31470955369949599  0.32522232490842584
  0.33582177903993021  0.34644985286815166  0.35719569407903995  0.36781630055740011
  0.37863724918164288  0.38940745573022201  0.40013641300527064  0.41080805370601303
  0.42141182458581333  0.43217241392871913  0.44259199753539186  0.45293408838159138
  0.46309972401022703  0.47333273055240210  0.48359102147821964  0.49402398057802166
  0.50443573592780599  0.51495599433560479  0.52522307330783424  0.53552172759702177
  0.54590149469127813  0.55640381463848831  0.56706428718761992  0.57781338347781996
  0.58840534815171797  0.59900543996359623  0.60970280961605194  0.62063209755681403
  0.63122068061215464  0.64184351017373809  0.65239128177691108  0.66306876686815608
  0.67334471843065458  0.68345376759644216  0.69351710874819716  0.70353993070572862
  0.71382178262402640  0.72426591306408616  0.73478613084090205  0.74536771562630755
  0.75597753567606707  0.76662796236708619  0.77710491683130878  0.78740774146381687
  0.79770210769661776  0.80808219428073469  0.81868304260075464  0.82937112007802172
  0.84020168570216291  0.85086057610382915  0.86143206741231038  0.87181844408956266
  0.88237173893435927  0.89303936857541377  0.90386114676916107  0.91451033966445561
  0.92507110851516838  0.93559131728506273  0.94623141979256797  0.95677657418604256
  0.96739362265157502  0.97797525199500235  0.98898852851874519  1.00000000000000000
 -0.00265540654669137  0.01000566086520396  0.02083975121814935  0.03202122445925413
  0.04326135249261277  0.05460202985235737  0.06554980460830155  0.07632194794160570
  0.08685091204060907  0.09730870263395651  0.10771136119991505  0.11821425123407094
  0.12887385728170619  0.13955864743364549  0.15007007389205101  0.16068798520379721
  0.17128088917759085  0.18193321618539918  0.19249193271882392  0.20297769289313131
  0.21339190898687202  0.22374422127790169  0.23422688613149453  0.24477987323296357
  0.25534963454153048  0.26592223659018377  0.27642062463535333  0.28696279924194817
  0.29749441553669581  0.30812978876217939  0.31856656749791490  0.32893890718551322
  0.33933434499957132  0.34977569573874978  0.36019996006124722  0.37054480767363757
  0.38093430477061602  0.39132298100665275  0.40178385015710072  0.41234545888399560
  0.42287161990047900  0.43343273083233563  0.44415986260681950  0.45489808883932131
  0.46550792966202620  0.47616304340527676  0.48667290961198462  0.49728402656439585
  0.50750374337018322  0.51783038521372449  0.52798056891286615  0.53812892727472716
  0.54827730942899866  0.55842877757301834  0.56856976264428560  0.57877886860497729
  0.58904286687453655  0.59941205269415510  0.60994006900920883  0.62048687961877269
  0.63108110997872735  0.64165492112532430  0.65240592968284472  0.66313006087599891
  0.67386750378292548  0.68450161358199402  0.69513381540964558  0.70563841811708938
  0.71614897876288841  0.72675075571632974  0.73744262765333823  0.74802852359635763
  0.75859762219546045  0.76899832117509137  0.77954493487157472  0.79005689124287881
  0.80074763576612185  0.81130524546821348  0.82185579362471517  0.83236090899837112
  0.84289895358186984  0.85340658748299925  0.86371480950281754  0.87412149948914508
  0.88451599784627577  0.89502129186957879  0.90537668380747283  0.91581816626668600
  0.92631898740212137  0.93696500327944809  0.94758864901265272  0.95824784485386927
  0.96889948664674175  0.97937260305595997  0.98976724650383374  1.00000000000000000
  0.01451664611608756  0.01699862054409358  0.02216692493951109  0.02881430412948485
  0.03610434388982296  0.04312786751307518  0.05030584511597497  0.05754661658792593
  0.06507372278061394  0.07289253632422325  0.08080478059265427  0.08892794060228756
  0.09711353755664430  0.10540155339684627  0.11376425515682963  0.12222074449473752
  0.13082544124674783  0.13964088605133979  0.14864507814616329  0.15774399459368954
  0.16697287367133132  0.17630697240598078  0.18572410909059756  0.19527498655805159
  0.20490034528117507  0.21471339894229810  0.22462933889162273  0.23462908321327822
  0.24468324483848575  0.25469013353860709  0.26469918505700202  0.27468681060599354
  0.28469318854247261  0.29491334856656060  0.30542151400007705  0.31600003661882842
  0.32675041229581242  0.33763194277621184  0.34891662727554268  0.36033300150216369
  0.37182004988132927  0.38314321554093278  0.39449092679166803  0.40580271586904793
  0.41716218117857884  0.42829196356693916  0.43932635968482248  0.45055546300930099
  0.46192049750812186  0.47355616355014823  0.48523959125976002  0.49689329748389088
  0.50861791100683362  0.52036923464718032  0.53237524195213848  0.54447769055601059
  0.55662095866279626  0.56845319516147674  0.58003721466993019  0.59144820743118742
  0.60290827713195849  0.61453718773079979  0.62628796935633613  0.63804379960668589
  0.64968727103699153  0.66120484895222220  0.67272344923570682  0.68429751104373615
  0.69586977088809454  0.70748204847061580  0.71916545248944597  0.73073429771523013
  0.74205458987543016  0.75337178995609011  0.76480087821021070  0.77611777056101305
  0.78729116017668832  0.79845561807324306  0.80964308039600508  0.82068338770501725
  0.83170395076496051  0.84278652664463638  0.85390686492106072  0.86485388885217485
  0.87553734410192874  0.88607842095843981  0.89644505937735541  0.90671150111585885
  0.91711634894770433  0.92764405747284018  0.93819868378996329  0.94870300075252323
  0.95967387339512156  0.97145256400293012  0.98494294107575231  1.00000000000000000
 -0.01758714644354354  0.09870823633237376  0.13361907702517067  0.15545192187227880
  0.17340403323476133  0.18877321051206036  0.20246093753427666  0.21495569613219934
  0.22659820878615816  0.23752483576313652  0.24786782015838849  0.25772228989318285
  0.26714519530858388  0.27612047753500407  0.28465575627549250  0.29290660872600638
  0.30080237403973631  0.30855056338928877  0.31609473524383885  0.32349564774725081
  0.33079067627032427  0.33791823795984560  0.34494801719971879  0.35187835057782518
  0.35869561764537500  0.36543735133355010  0.37212138977059983  0.37872099283103516
  0.38521498518557601  0.39163054557832044  0.39797725720279425  0.40418678655503060
  0.41036800453808009  0.41649596775839082  0.42251760930735255  0.42849736521353182
  0.43445284285248920  0.44039363390643066  0.44631409066799127  0.45223256207478463
  0.45810378806873014  0.46389637852433385  0.46964964168584361  0.47539358743495003
  0.48114029537076314  0.48689246790961394  0.49261487528667514  0.49831984368743309
  0.50399299682463361  0.50967121187012110  0.51533366781367829  0.52100713899526951
  0.52671805029309782  0.53245459027522291  0.53820062556480774  0.54395489239167505
  0.54971876791624119  0.55549968544499750  0.56130967706432811  0.56717002166218067
  0.57307978876890686  0.57905781307838233  0.58509319160365392  0.59120941758826728
  0.59735685091951696  0.60350270494653679  0.60968150105807395  0.61590628343861975
  0.62221218585132176  0.62864380549865773  0.63519381405139319  0.64183987285921906
  0.64860112174892182  0.65547097763188111  0.66239882399044625  0.66944521745848473
  0.67673948669874240  0.68408526315499874  0.69166532873269937  0.69940017685160427
  0.70735252848920149  0.71560102142286541  0.72409231835770826  0.73291950598283351
  0.74212591487440871  0.75184695406517932  0.76215533025800397  0.77314518408595578
  0.78477985874200906  0.79720106005896241  0.81062323162378458  0.82554098966457423
  0.84298892062604469  0.86427282949476136  0.89819599522285376  1.00000000000000000
   3.1045461587064637E-005  -1.0000000000000000     
 T F T T T T T F F T T T T T F T T F T T T T T F F T T T T T F T F F F F F F F F F F F F F F F F F F F F F F F F F F F F F F F F
  <DiscreteSampler_grid>
  grouped_processes
  1 # 1 for a reference and 2 for a running grid.
  10 # Attribute 'min_bin_probing_points' of the grid.
  1 # Attribute 'grid_mode' of the grid. 1=='default',2=='initialization'
  0.0000000000000000 # Attribute 'small_contrib_threshold' of the grid.
  0.5000000000000000 # Attribute 'damping_power' of the grid.
 # binID   n_entries weight   weight_sqr   abs_weight
    10   10   2.623916202674610E+007   2.698291069570528E+015   2.623916202674610E+007
  </DiscreteSampler_grid>
