  0.00960398124517548  0.01619044532162201  0.02572812684796794  0.03659387833045187
  0.04691636965290875  0.05700013514821066  0.06694472278050011  0.07644630434318253
  0.08687732655373614  0.09710290737275384  0.10725121880053703  0.11761850650555107
  0.12838686498733007  0.13975489603382057  0.15058268330979213  0.16106487099265154
  0.17144644111717403  0.18169189261536922  0.19195799015745554  0.20228330129367317
  0.21303046989017643  0.22394446725402564  0.23493749317247409  0.24602684130724151
  0.25697239524979765  0.26810456241375269  0.27900831193913955  0.28941479902655953
  0.29939226641557437  0.30942654569972960  0.32011099454691894  0.33116185710863871
  0.34189664882072723  0.35250431783834452  0.36319163724471532  0.37392062468437759
  0.38451308120292127  0.39534415500380454  0.40679949297177825  0.41818200338400924
  0.42890017177095313  0.43925653832380662  0.44942704564971797  0.45944850442586715
  0.46930008875970419  0.47950910669937230  0.48980834609666818  0.49976947440108827
  0.50955042734996114  0.51919285504449253  0.52958558642703446  0.54062623250245656
  0.55210667101364885  0.56350571974318331  0.57478820646413342  0.58611160519557048
  0.59669440759294556  0.60706710197627611  0.61658740706768878  0.62681408002639161
  0.63687959297404673  0.64702757893673291  0.65644983861681661  0.66609677804432788
  0.67736859807032690  0.68870749451078861  0.69996851974925889  0.71031756941281132
  0.72135417836652826  0.73207806134207787  0.74291788692884664  0.75401684214770726
  0.76437536183823329  0.77457112138799000  0.78433725662468878  0.79408497113069920
  0.80289828547760855  0.81219855196832391  0.82117511913798757  0.83023142276058526
  0.83957837849269135  0.84894527219916849  0.85875152531673982  0.86941391423795167
  0.88043453487063106  0.89269261048075810  0.90232165107795237  0.91140610068117900
  0.92049028908942720  0.93037708228597804  0.94034990219085779  0.95040879989170157
  0.96109701979333628  0.97273190849732061  0.98618420429370179  1.00000000000000000
 -0.00001879335701123  0.00034601411147945  0.00113157507065625  0.00243789924648244
  0.00433368087717453  0.00668501830428364  0.00947698574181367  0.01279147725860682
  0.01660196846536161  0.02085044929377594  0.02588743481656351  0.03131455575184027
  0.03698510814545757  0.04248611141521815  0.04796793923816868  0.05405127157595318
  0.06062849488203186  0.06739507862796096  0.07415045519780579  0.08124902758766260
  0.08863890401414710  0.09640500932418544  0.10494215462565902  0.11373169197862049
  0.12241292659843901  0.13112845354203964  0.13992617616715836  0.14872814585884975
  0.15732363722879711  0.16605719325619825  0.17510489039888824  0.18495016156474811
  0.19498034249889215  0.20508325980359368  0.21528320653527588  0.22563476329453783
  0.23612147026328592  0.24675886396029054  0.25740185092878420  0.26798798164230170
  0.27863333683352287  0.28917967204030476  0.29965227040843795  0.31032141476486064
  0.32118771737636781  0.33238963233849200  0.34443222153824060  0.35642377802976738
  0.36848409762515877  0.38059899141027520  0.39292192131510767  0.40531345675721991
  0.41770656625540070  0.43011225573478429  0.44251996522227371  0.45484207314008218
  0.46733470421546652  0.47998515502650579  0.49263160275076406  0.50533792052170656
  0.51806385785526110  0.53076789858117090  0.54358038360517236  0.55634248851436907
  0.56921627927933915  0.58190412097153854  0.59459357050335926  0.60723387603611712
  0.61983431973871872  0.63263853048449936  0.64538374589011049  0.65865769144021424
  0.67294386221482216  0.68758636773114434  0.70185356564620738  0.71609676669245204
  0.73092216807404409  0.74559084661454977  0.76008698746743175  0.77450897257667850
  0.78888999956906969  0.80292295568867511  0.81686424600260954  0.83088634255284954
  0.84507625967289635  0.85938524887445156  0.87335792633543630  0.88734025188873733
  0.90150929633856203  0.91573588244000770  0.92966136415534639  0.94378283794138718
  0.95780296868154824  0.97184537134095816  0.98595026826480414  1.00000000000000000
 -0.00233076897997927  0.00932389141991024  0.01938673004043895  0.03222593261830063
  0.04555458162320036  0.05865909544208487  0.07035814274311064  0.08102237748502694
  0.09111879192897300  0.10116412083823985  0.11122106663435355  0.12158879773528038
  0.13247909314885978  0.14334933828131849  0.15388058062485294  0.16453888695343655
  0.17552556816759174  0.18594714592714898  0.19566514382227143  0.20530636050027939
  0.21574514777294468  0.22637918584443564  0.23711612489189171  0.24730582115671434
  0.25877993784093833  0.27042444570187724  0.28256494487253714  0.29503285893652181
  0.30735831681532549  0.31818748197612867  0.32770244352453848  0.33686293071161139
  0.34619514765636755  0.35592565938942161  0.36555770509755114  0.37590265060422184
  0.38629879855597909  0.39675228945406610  0.40709261247504974  0.41783207819716706
  0.42855355021924629  0.43917385984231433  0.44912971396337070  0.45900937018011373
  0.46970578480732361  0.48000297945777837  0.48996084774366688  0.49996951078405721
  0.50982886763047019  0.51979688835027160  0.52984848011977703  0.54042854782347549
  0.55197626118412724  0.56363845315781869  0.57515632461613220  0.58618994061513641
  0.59667589898511530  0.60703573941330824  0.61768799600404145  0.62843539647116498
  0.63963303091988954  0.65051687419162840  0.66125947542968599  0.67164830621592109
  0.68202436488259666  0.69209547503314051  0.70171532556477245  0.71131286082190548
  0.72185517029174873  0.73145587653682764  0.74053775672919642  0.74947529627241982
  0.75856334806258519  0.76765144815801989  0.77684218956530404  0.78622817800990508
  0.79581348770673188  0.80562931055043163  0.81568451943096798  0.82623095316161199
  0.83707372570406435  0.84821858639009406  0.86010659627507935  0.87237158161546513
  0.88308538366758760  0.89258544011947760  0.90211645608788393  0.91126709962449925
  0.92038721596274076  0.92954043232783690  0.93941934168339969  0.95037779351181484
  0.96204143586913460  0.97411290460095534  0.98655774037007737  1.00000000000000000
 -0.00019143726888947  0.00675346133573130  0.01309225821741729  0.01950367352543524
  0.02655184793936410  0.03376314701418715  0.04095371114390847  0.04796489876911755
  0.05509053585439516  0.06252411288718407  0.07023685326462793  0.07775302159249099
  0.08539603458968525  0.09303280680202380  0.10074609737230672  0.11002519807889372
  0.11989578612219089  0.13014963458517115  0.14045711546110939  0.15122174584030496
  0.16195767409505768  0.17221315475080928  0.18217476721959303  0.19264027268438894
  0.20366846834914676  0.21472217222967674  0.22548247711863642  0.23696490065818399
  0.24896961264084003  0.26159184392962304  0.27422802575453659  0.28696525193840289
  0.29983990030529240  0.31275634228613286  0.32554362573249968  0.33928478569796450
  0.35453135614666348  0.37013816478343298  0.38554598447933397  0.39992757044476257
  0.41368821180397181  0.42790843739773726  0.44178749169054421  0.45509896931447519
  0.46933707427026422  0.48331837425082880  0.49737565518736598  0.51113218840603325
  0.52443243651205573  0.53684483107279257  0.54918731045062597  0.56297706008205484
  0.57709245890556649  0.59049505790938295  0.60283590272035559  0.61555355129116929
  0.62877580485350237  0.64241885489440365  0.65532451771371369  0.66801245648306018
  0.68065189066009002  0.69237430323952198  0.70392471541100621  0.71697204363575662
  0.73070066466885397  0.74158543015187961  0.75196320497129021  0.76153889830407262
  0.77105467696448893  0.78063501056345097  0.79075145810456038  0.80201656535535826
  0.81435860853337150  0.82769125412622790  0.83982943520475306  0.85099744851260084
  0.86172795964685922  0.87192265777470890  0.88129013954075053  0.89001098827516578
  0.89823904472048588  0.90611545531069149  0.91397470277332082  0.92149947392535281
  0.92882726337198984  0.93599748325435261  0.94304579171515313  0.95000081321035545
  0.95674529327323332  0.96311798327460574  0.96949860991095815  0.97591052409022827
  0.98267808529207978  0.98871550048100465  0.99444927163504071  1.00000000000000000
 -0.00271127692481532  0.00970007602181744  0.02005338075662011  0.03051475847714822
  0.04116668444529457  0.05235396946599005  0.06366831938772842  0.07557540542472939
  0.08640603024726645  0.09654839719479487  0.10652534004792452  0.11679486573426605
  0.12726678784493720  0.13774565578420764  0.14890240538490279  0.16085320104736275
  0.17301250841284918  0.18428671025801605  0.19429550039913993  0.20343815934993509
  0.21295661373564945  0.22321749424382026  0.23339960631722831  0.24332260082680460
  0.25332752562579464  0.26389529386870042  0.27414659430469096  0.28446964858547746
  0.29482256658329808  0.30510558989632464  0.31475106248042706  0.32444069094062161
  0.33417102324095943  0.34433552234454012  0.35594007801780231  0.36744347536175903
  0.37865893284020929  0.38938063279067942  0.40021558304676336  0.41110329975343890
  0.42231831606460357  0.43426053503947015  0.44599691158433741  0.45769825559572302
  0.46892423942473505  0.47971457454908295  0.49028814172491969  0.50020204994509709
  0.51025145019054252  0.52069560082703326  0.53144275729686730  0.54215698819201630
  0.55318183877688631  0.56402993814048663  0.57512041193039953  0.58632243068123446
  0.59796286166017698  0.60938402012832760  0.62031171266961727  0.63108022046720047
  0.64203419452525945  0.65349978724901769  0.66530819171458333  0.67711208272278678
  0.68878402772062008  0.69951059326533027  0.71005211134195512  0.72025016721937396
  0.72998546047218593  0.73902543213134142  0.74769050468585441  0.75696547373233991
  0.76632080263682389  0.77592432919099408  0.78560918959701009  0.79592991141259839
  0.80840358836596526  0.82011596865540159  0.83161008771452194  0.84235334086734526
  0.85336188700293991  0.86454643011963239  0.87511661339730540  0.88385921683154001
  0.89269969807965333  0.90252885501566071  0.91305094728175551  0.92296961126523747
  0.93199568470685101  0.94072063256355554  0.95008300263692869  0.95992188682611923
  0.97089337100281314  0.98098044459640488  0.99075371957435077  1.00000000000000000
  0.00905036130122237  0.07366651570546141  0.12914705872739116  0.17259815968311290
  0.21092312008379938  0.24286014598141561  0.27204304784159700  0.29855548489976025
  0.32216081013366610  0.34321777046281926  0.36348755680079059  0.38296098985204374
  0.40172879724371691  0.41969118629557867  0.43671243606572829  0.45240612372821204
  0.46765702700076678  0.48225481101934653  0.49559620981356300  0.50835250051986736
  0.52065043056291449  0.53265365483754035  0.54486761043904441  0.55705182743212278
  0.56833288757413580  0.57873536943178161  0.58875167788559701  0.59870523784077168
  0.60839294867225790  0.61769111153189371  0.62693161342530246  0.63606424087967117
  0.64519687747473087  0.65453630477713398  0.66373809510097814  0.67262982433768792
  0.68137318862284335  0.68996377085435090  0.69831288086034871  0.70635936402549560
  0.71393980443335980  0.72115071779377227  0.72814592700735115  0.73524347565642367
  0.74239739821426964  0.74955836662396946  0.75606244332865780  0.76230746388172976
  0.76833720568239117  0.77415126140014956  0.77998392520304904  0.78590519308419204
  0.79178046319126660  0.79759584010279327  0.80330017216285976  0.80890269902469647
  0.81466308826413403  0.82084697349271785  0.82673328516880373  0.83253214061475733
  0.83812092598941712  0.84371744271155724  0.84942526481540170  0.85503471901501227
  0.86037729351298053  0.86569173739597671  0.87088285066768123  0.87581913662220690
  0.88042632111320906  0.88493080959412784  0.88945864500511373  0.89392756263001683
  0.89831268083168392  0.90255251953906268  0.90672881998631094  0.91106529093630872
  0.91540228794947054  0.91966134614740191  0.92384207562031850  0.92795061511984123
  0.93197507997118378  0.93590216066610610  0.93970315381873959  0.94340154562066858
  0.94725241552155415  0.95130369678513160  0.95538087311427189  0.95972181401238599
  0.96381064863205212  0.96798192749437306  0.97148841849715040  0.97512506110074082
  0.97889107613645410  0.98302364470820414  0.98744179532664711  1.00000000000000000
 -0.01976728528576050  0.12489117193910382  0.17039641028268501  0.19972462321284259
  0.22311096529162733  0.24238670504650001  0.25986886588573888  0.27632444156444991
  0.29225623013197449  0.30636256053355537  0.31931863503978614  0.33150458160969049
  0.34243505290013310  0.35299289113346444  0.36365976732123856  0.37368365759394800
  0.38349373663402869  0.39366514656316043  0.40437965907585394  0.41512921325193791
  0.42536872019297989  0.43538759847483754  0.44516148744431161  0.45466233249512861
  0.46376820982712341  0.47249103697712402  0.48113378331384693  0.48943657607743790
  0.49745805748932642  0.50474656125757233  0.51153896003335986  0.51827753455079051
  0.52474253072175359  0.53081044412931233  0.53706894716493425  0.54371502576809483
  0.55056873838397868  0.55730686421153230  0.56379080205585208  0.57022802707712095
  0.57641285107928042  0.58243495044202886  0.58854259598183711  0.59478593880410224
  0.60130405559759947  0.60796882442568223  0.61453102905845347  0.62087005164754150
  0.62678738927713173  0.63254221758033957  0.63819290310213961  0.64385517803946779
  0.64971091618730348  0.65575996004351988  0.66191941471131766  0.66811849721099659
  0.67427440458540167  0.68027799861518989  0.68622612757716073  0.69200791627563163
  0.69771588251813321  0.70346202268594049  0.70897652227876606  0.71415193662103382
  0.71917350889755594  0.72421834530556750  0.72930264508571918  0.73434093676225731
  0.73950250571732357  0.74491382613136825  0.75018634017762009  0.75571755720655909
  0.76093066941438625  0.76619360606014320  0.77177254523364136  0.77791371469508530
  0.78440923137449781  0.79064603195161354  0.79642420789229074  0.80214164888804595
  0.80801589674759466  0.81423435881557027  0.82077000528496724  0.82733192792934196
  0.83419158392850212  0.84142588052469169  0.84900997261794919  0.85701534887082764
  0.86538844669566783  0.87435704727255670  0.88379163732460353  0.89392722325318097
  0.90571063590296752  0.92029078344114135  0.94414540942775549  1.00000000000000000
   1.6764580951446207E-007  -1.0000000000000000     
 T T T T T T T T F F F F F F F F F F F F F F F F T T T T T T T T T T T T T T T T F F F F F F F F F F F F F F F F T T T T T T T T
  <DiscreteSampler_grid>
  grouped_processes
  1 # 1 for a reference and 2 for a running grid.
  10 # Attribute 'min_bin_probing_points' of the grid.
  1 # Attribute 'grid_mode' of the grid. 1=='default',2=='initialization'
  0.0000000000000000 # Attribute 'small_contrib_threshold' of the grid.
  0.5000000000000000 # Attribute 'damping_power' of the grid.
 # binID   n_entries weight   weight_sqr   abs_weight
    10   10   6.107504610450046E+004   2.430922384979849E+010   6.107504610450046E+004
    11   10   6.107504610450049E+004   2.430922384979852E+010   6.107504610450049E+004
  </DiscreteSampler_grid>
