  0.00948803304739420  0.01570396757396655  0.02521406745365843  0.03612340250259811
  0.04655005576458580  0.05682057496058864  0.06715435126790388  0.07748761934809892
  0.08787482504275704  0.09841664676175294  0.10896047901162501  0.11948442292314168
  0.12990594864452845  0.14025571757834671  0.15048400792800543  0.16055336548100788
  0.17054901016792426  0.18058396949658428  0.19074337208922759  0.20118828910523509
  0.21159048250006338  0.22199377979618562  0.23246407358656376  0.24304009641379043
  0.25366071312374222  0.26413108885395697  0.27454983358466495  0.28500762355141324
  0.29546973038173924  0.30606627297207939  0.31667925359572746  0.32732297892433565
  0.33795598308441194  0.34860864918131623  0.35931805573819503  0.36999348527707659
  0.38050524884598919  0.39106662837235401  0.40170721258543918  0.41242155543333636
  0.42306486285991268  0.43357285194512052  0.44397276975150629  0.45432621773599202
  0.46485212355218908  0.47543605744210632  0.48582668056200812  0.49600148041660097
  0.50627919133381605  0.51671684684898789  0.52729384188485873  0.53786511098537371
  0.54854020971670747  0.55918290383795222  0.56978337281859726  0.58022075997694089
  0.59068986449917793  0.60115696554704778  0.61176186084577511  0.62237436179934302
  0.63294345406828301  0.64335004623023972  0.65374576677189300  0.66413724458320256
  0.67441618895629596  0.68456900442943758  0.69470740448663115  0.70486902683841579
  0.71506693943471089  0.72526454028430154  0.73555351328560703  0.74609820914739988
  0.75677575831055555  0.76763762845763883  0.77829335758789475  0.78885554734606600
  0.79951708155582901  0.81024115606772540  0.82082424110516283  0.83134415114705273
  0.84177375472343285  0.85218854888868711  0.86253882348487176  0.87297472773989726
  0.88339106638731657  0.89373776246421410  0.90418741663077817  0.91469116221489677
  0.92521535084258255  0.93569250043814944  0.94615387395792960  0.95660627012700372
  0.96712700088110337  0.97770886302519666  0.98869933429770473  1.00000000000000000
  0.00000134090632861  0.00000140668449030  0.00000148236955741  0.00000156515972075
  0.00000165523667810  0.00000174800025249  0.00000184545333718  0.00000195878401490
  0.00000207183489975  0.00000219642589790  0.00000232735176842  0.00000246545998601
  0.00000261443401793  0.00000277466431735  0.00000293915170929  0.00000312134677097
  0.00000330577627585  0.00000350667691557  0.00000372073745992  0.00000394522303055
  0.00000418286457073  0.00000443129128109  0.00000468908546193  0.00000496552182100
  0.00000525549182397  0.00000555704550152  0.00000588437669990  0.00000621693288541
  0.00000657114776170  0.00000694830845302  0.00000734248505735  0.00000775151959226
  0.00000820205979727  0.00000863890340295  0.00000913200151239  0.00000964791467208
  0.00001018613313464  0.00001076702133128  0.00001137528134738  0.00001202228047964
  0.00001272095373009  0.00001346138094872  0.00001424188163942  0.00001507727007136
  0.00001595580285777  0.00001688015986656  0.00001792150254435  0.00001896265686040
  0.00002012479505191  0.00002134129646486  0.00002265551987756  0.00002408518737810
  0.00002561231164819  0.00002726492144421  0.00002906194963946  0.00003097648709167
  0.00003305799138708  0.00003530917769663  0.00003775290808322  0.00004041727198999
  0.00004328140385764  0.00004636076731757  0.00004970292720237  0.00005330960636180
  0.00005722097901347  0.00006146708808197  0.00006604707007262  0.00007103185839942
  0.00007651321875250  0.00008259405837873  0.00008935044161573  0.00009676603273940
  0.00010482251603596  0.00011371798185718  0.00012337626569892  0.00013419595771416
  0.00014585551623467  0.00015941142426902  0.00017446302420962  0.00019143301328584
  0.00021075141737986  0.00023203968189765  0.00025678544310166  0.00028493630567076
  0.00031807236649989  0.00035766830546061  0.00040198031603673  0.00045200853018590
  0.00051274937497578  0.00058308076491589  0.00067505560954406  0.00080274943657680
  0.00097158795172919  0.00117436053521516  0.01345010599781897  1.00000000000000000
 -0.00260329011653520  0.00987065172881457  0.02008093305236196  0.03064562553691189
  0.04105019775958076  0.05164013773281305  0.06222708458982503  0.07282504022287492
  0.08345103646047027  0.09386113536502907  0.10427481339589259  0.11475509000631137
  0.12526321782016794  0.13570154646838337  0.14587091080414180  0.15624128736909942
  0.16663320763540387  0.17723778523142716  0.18779047020740591  0.19825033831105648
  0.20866392843080545  0.21890796313159111  0.22919727744129592  0.23963885115858249
  0.25026653189050491  0.26103254576298635  0.27179283870017590  0.28242396896297345
  0.29298393419237240  0.30355738626959011  0.31425316699185851  0.32503484100546465
  0.33573883284352579  0.34636787378069162  0.35699115021206146  0.36769785559725948
  0.37848812987993263  0.38919922770377213  0.39983254828547476  0.41046782644897928
  0.42109489831548352  0.43182501508377191  0.44242222461973285  0.45290596138305755
  0.46339448028446567  0.47398948121898138  0.48470191700159959  0.49534687025485091
  0.50596096851000172  0.51651300914709053  0.52698771204745942  0.53753408310051276
  0.54806077238964657  0.55860805056342400  0.56927210453821886  0.57986265503612111
  0.59044464604666203  0.60077300858764948  0.61111966358624481  0.62155271106377807
  0.63214937741344501  0.64282718072383360  0.65340650372124998  0.66402384381430701
  0.67454090923057952  0.68509732598100437  0.69543559245973086  0.70575456346259990
  0.71591738227737278  0.72600406378758331  0.73644252102440666  0.74692530515651778
  0.75744511036563567  0.76793370318834930  0.77871833770775767  0.78938922549875534
  0.79992098057331751  0.81023533647147716  0.82093445962123845  0.83172988109358248
  0.84235870720265993  0.85308167014359015  0.86351592508837560  0.87404520231829841
  0.88429186109001590  0.89469414864286478  0.90513324988728283  0.91556624731274472
  0.92610112516873144  0.93667398061800022  0.94714018403398248  0.95761589313654261
  0.96828796650034532  0.97905215801111556  0.98955726285345025  1.00000000000000000
 -0.00257574741774696  0.00980004916805307  0.02022853536097154  0.03097375612516194
  0.04171373019097879  0.05228054052313185  0.06292025592929400  0.07338271039428883
  0.08378990964423827  0.09430248467136206  0.10476095062353885  0.11512493326969661
  0.12541387620223343  0.13597580374626311  0.14654194590339709  0.15714163123410255
  0.16772313888234353  0.17851036438860815  0.18927790272882256  0.20009088521883558
  0.21091436482292622  0.22157126015014461  0.23217548116591855  0.24256450999287035
  0.25293155387013494  0.26330569786582941  0.27381854019166185  0.28441268568978889
  0.29500375543640750  0.30565280113972992  0.31617623142417856  0.32665921825123201
  0.33722066270888629  0.34795857238958655  0.35867876831782669  0.36929765502080780
  0.37988025913176376  0.39042022924373926  0.40086387602451640  0.41125695104311882
  0.42152558233670095  0.43179002166104813  0.44213910697217795  0.45250529452072724
  0.46288775140327520  0.47336714604187091  0.48399379810570053  0.49456649188971114
  0.50505858036099238  0.51562325912491758  0.52619958405531631  0.53658907753994245
  0.54696798024664839  0.55758267854102272  0.56817854761811104  0.57892182235791556
  0.58953708193563481  0.60015475747325175  0.61059716448569101  0.62094209619144691
  0.63149761906773361  0.64204612784320914  0.65276533448898832  0.66353609698078575
  0.67414588146108423  0.68473737951713620  0.69520001345733839  0.70568132024602859
  0.71601667828879889  0.72629928792961596  0.73673499498396033  0.74726791877999632
  0.75752829869579730  0.76756367421638527  0.77770047902682082  0.78818007807331847
  0.79869389079558362  0.80932043191525194  0.81984620864095936  0.83051281868353222
  0.84113674846630260  0.85165958163405564  0.86217115585505588  0.87239677083437239
  0.88270751664776204  0.89292563109329515  0.90334189829662492  0.91377487858123907
  0.92435157024586745  0.93504735396733418  0.94592257886005993  0.95691810781294850
  0.96784764649777921  0.97869979434215426  0.98937681562166735  1.00000000000000000
 -0.00255216504739185  0.01020744130110153  0.02120002740780487  0.03231642012399741
  0.04325592957640003  0.05392411983912652  0.06464543588958725  0.07525439504864138
  0.08588729095785493  0.09653673223608648  0.10720010361211370  0.11772395205363062
  0.12825473122779282  0.13871354667647001  0.14915462188082707  0.15955661712737249
  0.16999866370012168  0.18053653864531027  0.19103778277127678  0.20152326092169687
  0.21196944048027619  0.22239973840756067  0.23295931599901784  0.24351245192773502
  0.25405476799948729  0.26444453146331215  0.27477741685535406  0.28525027046736895
  0.29582090791698695  0.30675310569662784  0.31761481313483508  0.32856013865878786
  0.33930088428495964  0.35005873420592748  0.36071752871680046  0.37130634973415150
  0.38210223860297032  0.39280426960999409  0.40337751845800601  0.41365773915923554
  0.42397761798120537  0.43423951238159803  0.44451779472912839  0.45481798556817654
  0.46522569140110215  0.47570252258854728  0.48621338711680895  0.49665351825944537
  0.50688043195021448  0.51685331759616426  0.52701567252278592  0.53733757202195132
  0.54779268847896478  0.55818340154143187  0.56870904642079756  0.57922004624674783
  0.58981128130016969  0.60039645949045639  0.61119199538051261  0.62177496946891408
  0.63234943014559586  0.64293284247512150  0.65382292893713079  0.66477813821556220
  0.67565325633612439  0.68641258708178032  0.69687952146161392  0.70763235954740489
  0.71826260635031525  0.72889968235206570  0.73938448638590892  0.74988247343580294
  0.76034141979141712  0.77062892499399294  0.78102324215743613  0.79145978766483205
  0.80211245693370181  0.81261730644309249  0.82317041003037894  0.83381900835793488
  0.84424372679473902  0.85482160856190159  0.86529220964214393  0.87585459192581372
  0.88625640325113064  0.89671088035105684  0.90704371337288947  0.91741742674585913
  0.92769351214853546  0.93794819807210739  0.94811956502804562  0.95834254630273163
  0.96879814683279297  0.97927127317432350  0.98958532434916591  1.00000000000000000
  0.01674559269117739  0.01964775979999855  0.02554628644514149  0.03312484749197690
  0.04085279828423113  0.04840264540845191  0.05604761159929480  0.06374116883933328
  0.07170966909371271  0.07991459984219128  0.08794449933361180  0.09587961159647816
  0.10388519521015799  0.11200637615895929  0.12024025417422825  0.12854139356733116
  0.13689288072733158  0.14542962900966275  0.15426182084402992  0.16329209699043562
  0.17235807234962516  0.18155199335414438  0.19083124786617930  0.20027108035803376
  0.20980772477222864  0.21946405217445192  0.22916303011564190  0.23907645674834946
  0.24895448319173857  0.25900067086057760  0.26899071182439410  0.27904027682763244
  0.28911389329560350  0.29950986539727287  0.31008938863500157  0.32076844336410765
  0.33157853575285612  0.34256284955442556  0.35373902330288698  0.36504866319634027
  0.37631678945288854  0.38746983091964399  0.39865132973871725  0.40992577494542798
  0.42103037528369713  0.43218855442329851  0.44350679209220001  0.45483931720024656
  0.46604269592176217  0.47725649498156636  0.48848845367040378  0.49976120156125114
  0.51133912384687408  0.52286437517172857  0.53429745899700887  0.54571839713121506
  0.55753657500827236  0.56949143759845744  0.58157951631965032  0.59346144119422817
  0.60530371002913241  0.61721175800157713  0.62912509918874049  0.64083296967903913
  0.65255538100837596  0.66410362716870397  0.67551655508101338  0.68682513727789174
  0.69800661097500327  0.70914093115914811  0.72043261862698349  0.73184062631244307
  0.74318718002230932  0.75448011903011269  0.76577377047915740  0.77703988748509489
  0.78830858238022716  0.79957967987732437  0.81083656555670691  0.82208514662112242
  0.83333665096634268  0.84449215341003248  0.85547788296609883  0.86636185985440761
  0.87712856371874004  0.88779138159693027  0.89833769477123837  0.90873233563912170
  0.91911892785312255  0.92945992453608350  0.93984644987142363  0.95028962082149693
  0.96108132339732466  0.97242183120654913  0.98532218394739635  1.00000000000000000
 -0.01727363669962421  0.09945556039109839  0.13437663881124048  0.15619966566706656
  0.17382624723276485  0.18884893519847559  0.20233510581472069  0.21471166617676471
  0.22627157538134082  0.23714312771012211  0.24740356104005787  0.25707835740956453
  0.26630228687829594  0.27518691317813659  0.28377223977124627  0.29211881382637328
  0.30015055481872660  0.30798187259402460  0.31564635239846650  0.32314562038527855
  0.33056851100377593  0.33779958442418440  0.34488316990989881  0.35184250312259990
  0.35863325900784765  0.36528740112957059  0.37185358595910772  0.37831622775587298
  0.38467267150388995  0.39099379855019767  0.39728092051788561  0.40340325319989112
  0.40951477456540875  0.41551139494528522  0.42143061735867166  0.42732175063318045
  0.43321122516938676  0.43909121426845382  0.44491251203096016  0.45070741294576350
  0.45647501540019508  0.46220731435400758  0.46792546652423955  0.47362358707356422
  0.47930503711411071  0.48497887462869715  0.49065572933846507  0.49636950204860547
  0.50210854436594687  0.50783054392424098  0.51353576514692978  0.51922139381467292
  0.52488971996965128  0.53055438797114363  0.53623558304913643  0.54196277996350484
  0.54778401358139062  0.55368572647330572  0.55957262423496701  0.56551788606312681
  0.57146069609135042  0.57742724215639452  0.58345229284001809  0.58957714896326030
  0.59575514735919233  0.60201351122042834  0.60826868827849634  0.61455252428841378
  0.62086690080102092  0.62727561810872035  0.63381499269914343  0.64045318363665360
  0.64719891474419844  0.65407645225359001  0.66103685407367563  0.66812005441704714
  0.67547301517352376  0.68296687721229321  0.69065700054442869  0.69855001334679689
  0.70660053783090682  0.71499458613540512  0.72363586954246406  0.73260391073660980
  0.74198391901479765  0.75179386707994633  0.76209959962545604  0.77294898199988182
  0.78448663699245591  0.79687754259963872  0.81042949467567593  0.82566089047066160
  0.84349748997062002  0.86529330969711915  0.90010337872663426  1.00000000000000000
   3.1064211023312525E-005  -1.0000000000000000     
 T F T T T T T F T T T T T T T T T T T T T T T T F T T T T T F T F F F F F F F F F F F F F F F F F F F F F F F F F F F F F F F F
  <DiscreteSampler_grid>
  grouped_processes
  1 # 1 for a reference and 2 for a running grid.
  10 # Attribute 'min_bin_probing_points' of the grid.
  1 # Attribute 'grid_mode' of the grid. 1=='default',2=='initialization'
  0.0000000000000000 # Attribute 'small_contrib_threshold' of the grid.
  0.5000000000000000 # Attribute 'damping_power' of the grid.
 # binID   n_entries weight   weight_sqr   abs_weight
    10   10   1.311469934208744E+007   8.321911489829081E+014   1.311469934208744E+007
  </DiscreteSampler_grid>
