  0.00958813267625452  0.01574110182009134  0.02485595104122733  0.03556380020504048
  0.04588467592705976  0.05654382631245029  0.06709073453224018  0.07756667469819152
  0.08792543350677931  0.09821428197066860  0.10851760652689604  0.11862989720830711
  0.12891620141124707  0.13912052117085916  0.14939427511072959  0.15961680125458538
  0.16985915592901590  0.18013600906811741  0.19039684353902456  0.20073510461667848
  0.21101112261295255  0.22113637569308603  0.23114307355562633  0.24131738173729717
  0.25158528253194812  0.26190945518972764  0.27219005186569850  0.28273473380111069
  0.29329907900706120  0.30379210560157843  0.31412317216133012  0.32438915498565962
  0.33481335055233841  0.34505463294200550  0.35536505659915296  0.36560708351264309
  0.37585785846875053  0.38621931310712360  0.39667840234998930  0.40736247411918003
  0.41792219872882025  0.42833726740579425  0.43855835170597635  0.44877476660964294
  0.45906588042299673  0.46963107517179148  0.48026886585435757  0.49100650406240937
  0.50177041931360067  0.51252161298449772  0.52325849193441920  0.53387427268308674
  0.54430228817873616  0.55467945647163330  0.56518195240368296  0.57587889813347848
  0.58657528808678783  0.59720520928542342  0.60787382460661610  0.61849757514643677
  0.62896075968212684  0.63927094216978220  0.64957120737179297  0.65989541530336393
  0.67022183213986175  0.68062260196387747  0.69116117802969057  0.70164107118274344
  0.71203449386447382  0.72238177771094714  0.73292490488757922  0.74367404136266491
  0.75438315053771121  0.76501025611244711  0.77546651335242922  0.78574217413017056
  0.79587034033125448  0.80585180739060747  0.81603807445399923  0.82634016941201072
  0.83667057503073250  0.84704759169440824  0.85742904414552223  0.86795894802016826
  0.87853745036848063  0.88908186262514577  0.89955470477491528  0.90996511627381582
  0.92039126584992126  0.93073719499807284  0.94095808906683465  0.95081816520517848
  0.96087422346345075  0.97101538755671124  0.98118386063126295  1.00000000000000000
  0.00000136115524584  0.00000140597728021  0.00000147667953306  0.00000155472763511
  0.00000164264257914  0.00000173582069866  0.00000183348595264  0.00000194440440719
  0.00000206084466840  0.00000218406823167  0.00000232029999105  0.00000245449743693
  0.00000260423904935  0.00000275943660087  0.00000292338126821  0.00000309936549608
  0.00000328358960891  0.00000347536881671  0.00000368293563227  0.00000389369929599
  0.00000412581812075  0.00000437024642880  0.00000462485840158  0.00000489483501400
  0.00000517481350645  0.00000546726770944  0.00000578373892121  0.00000611419735016
  0.00000646109467039  0.00000683610854625  0.00000723020483105  0.00000764778622457
  0.00000810152976790  0.00000857367209265  0.00000906978301288  0.00000960073380931
  0.00001013000508612  0.00001071370225260  0.00001132201499278  0.00001196098052207
  0.00001265130447379  0.00001337177841834  0.00001413262950019  0.00001495669612725
  0.00001581456205820  0.00001672985504942  0.00001773278817283  0.00001879683967029
  0.00001994523008755  0.00002116687880652  0.00002245469415301  0.00002386335083344
  0.00002537818429565  0.00002699798805462  0.00002876082578528  0.00003063152695138
  0.00003269207643357  0.00003493900993990  0.00003733781292369  0.00003994767065256
  0.00004273749261946  0.00004587273276728  0.00004924849759442  0.00005288700280560
  0.00005680469432728  0.00006105519748914  0.00006573293303509  0.00007069890470024
  0.00007615998190297  0.00008196172973405  0.00008871190406996  0.00009591408424606
  0.00010426142042122  0.00011318725655161  0.00012311233356820  0.00013402515908123
  0.00014603062339917  0.00015940466242013  0.00017431725730452  0.00019131816016587
  0.00021037964895468  0.00023135912311503  0.00025415716948281  0.00027854749777866
  0.00030637177091610  0.00033961711630237  0.00037890897380314  0.00043245176064141
  0.00049481422726840  0.00056858925729489  0.00066008545526209  0.00078911727451532
  0.00095969989576707  0.00118727446272589  0.00199160720249320  1.00000000000000000
 -0.00227926541647135  0.00996802535113216  0.02045274146885880  0.03106149444809745
  0.04173981926249729  0.05264900489497871  0.06360526955975239  0.07458821223569172
  0.08537232581047202  0.09599743137600525  0.10655805066506426  0.11711251919233957
  0.12762140164792199  0.13803450654732569  0.14848900231366627  0.15901212703613110
  0.16947179531892911  0.17990139050212267  0.19038613457049552  0.20094490780960553
  0.21151291402955325  0.22203468943318963  0.23256750147016370  0.24312554361904135
  0.25373795378495090  0.26423427377658665  0.27462800703813905  0.28515342684589712
  0.29565755840341335  0.30629605262826509  0.31680280226074403  0.32738493571903360
  0.33785083050171677  0.34823042920925451  0.35855564585503552  0.36902432516427452
  0.37949042552293905  0.39005700031181950  0.40039573047208310  0.41060938705766270
  0.42079690507814321  0.43086150477167356  0.44095562212810607  0.45111318706470249
  0.46136538685141509  0.47177705734950104  0.48218248499464089  0.49273201234031649
  0.50336232798125746  0.51382156015453562  0.52429556263240862  0.53500982724392587
  0.54577038205378015  0.55646787048507385  0.56722321234982620  0.57832135907445559
  0.58933187328994829  0.60026788325977232  0.61110262152787664  0.62177895638007630
  0.63216703273654462  0.64262060513295816  0.65339274014198767  0.66433224297637306
  0.67496473674514945  0.68536745320522363  0.69573323154982336  0.70624395466267842
  0.71670859341662863  0.72727399265756199  0.73783812203322308  0.74848499288445181
  0.75908131570151027  0.76966259705022710  0.78022231764690719  0.79083672677466710
  0.80168488215051181  0.81255049687965342  0.82309104942779043  0.83346118864269680
  0.84393015665106574  0.85447940583412674  0.86512874064579126  0.87570338087809596
  0.88630018543642897  0.89678679382152904  0.90726568397212792  0.91769657688006612
  0.92805521411853109  0.93838627378187822  0.94860271959034248  0.95892299353124344
  0.96918713675945867  0.97962916384579579  0.98984815168636031  1.00000000000000000
 -0.00217933479248611  0.00931338165161220  0.01938754859543903  0.02965886803093954
  0.04001563474487126  0.05045876972574050  0.06083688818466412  0.07111213055888121
  0.08128277727094232  0.09165161490660211  0.10211427773655203  0.11279332318221633
  0.12346834832953983  0.13416453422426730  0.14481254274263075  0.15541359556033793
  0.16603642308272654  0.17664620852899959  0.18727679469408656  0.19779637999326943
  0.20822005626582407  0.21862649375344684  0.22913562204476295  0.23968563825368056
  0.25018096999597200  0.26065686658681564  0.27110727516851396  0.28171445123548089
  0.29223933509331418  0.30255509230490429  0.31272260437504940  0.32298336647429504
  0.33346495323468617  0.34437596724262182  0.35503751282585400  0.36588642503069746
  0.37651641828556315  0.38724822487629634  0.39779825436609656  0.40829057370415550
  0.41898545542650378  0.42993461661698745  0.44074440348368071  0.45131343189076845
  0.46165902738578368  0.47210471319969777  0.48267945551122315  0.49333236934439517
  0.50398869819629177  0.51467087482558427  0.52526618048997209  0.53576469345301914
  0.54622000053797171  0.55668920972207825  0.56728428366657968  0.57796393715099004
  0.58884237307610576  0.59952595293307276  0.61015203334654666  0.62061440635403708
  0.63101161045658538  0.64138673704601801  0.65171972182683158  0.66188537847740136
  0.67214596366277990  0.68251016692644495  0.69305977894113691  0.70356731631380109
  0.71422148379443984  0.72496756104402416  0.73556982228875678  0.74617816174039653
  0.75683912236536122  0.76757937155921407  0.77819672681139862  0.78882843448486561
  0.79938576892433244  0.80987634563642330  0.82026713957203978  0.83057997965453356
  0.84097885174007392  0.85159857858816923  0.86232601629351679  0.87318098167515612
  0.88385245531769918  0.89446516159754497  0.90498709801640753  0.91548733864920917
  0.92598391660858848  0.93659018746200218  0.94728666148927287  0.95795842293114253
  0.96850848956813418  0.97893530166147014  0.98948674875920739  1.00000000000000000
 -0.00248161457414438  0.00991627552977625  0.02020333202173171  0.03078508962905050
  0.04120846862776888  0.05164439838277238  0.06216598831774082  0.07255484757252649
  0.08294402545157016  0.09319625819122349  0.10356962410205353  0.11419953622889964
  0.12479978175324626  0.13531358990922190  0.14566184074548988  0.15604844708532625
  0.16641141881374730  0.17659592671550867  0.18679370874395668  0.19723326958767917
  0.20765237648239013  0.21822765238436551  0.22858952021332815  0.23909020717501908
  0.24952723998511850  0.26024481655450832  0.27096448240434268  0.28134235722842377
  0.29168228398236906  0.30196448467089415  0.31233589423315311  0.32268165483837474
  0.33317033547115160  0.34365512307543339  0.35417942205056302  0.36446838612538107
  0.37481239327651339  0.38522096191130584  0.39554095969648684  0.40610833243307937
  0.41659788092463412  0.42735338407199819  0.43818605162444396  0.44883938086723335
  0.45973518445150430  0.47039237023738900  0.48099713784475845  0.49127238661974226
  0.50171669832822763  0.51230042377747631  0.52281360696234069  0.53334226125186601
  0.54373118475852478  0.55457012336076328  0.56520624209304837  0.57578618924664982
  0.58635163853176120  0.59698411904000803  0.60756445696975891  0.61781188460844261
  0.62813466641476745  0.63839013122683630  0.64873762669871049  0.65923977219763397
  0.66998861978028745  0.68075718611590486  0.69144162351516580  0.70214233839823792
  0.71269867572883039  0.72324970069053374  0.73371384729229305  0.74450138130955956
  0.75537419379524529  0.76637102592646644  0.77716881057762421  0.78766227012389245
  0.79813298833071356  0.80867912399160158  0.81942908913720602  0.83010794913763009
  0.84085825259604940  0.85143232254974088  0.86197454509780524  0.87241741132160378
  0.88286567629214652  0.89348954346682230  0.90449552786651588  0.91552217914831990
  0.92640875370876874  0.93693250370719250  0.94748456818663029  0.95788085372216281
  0.96849911910142594  0.97907688210260091  0.98959330341656193  1.00000000000000000
  0.01552565662153322  0.01910037588973271  0.02347044804108746  0.03000231901795654
  0.03726813589545309  0.04446087107798925  0.05208425794379803  0.05987454196855285
  0.06799735420910363  0.07612063933966548  0.08406086949081472  0.09198697698692891
  0.09999675382241746  0.10819083067293429  0.11648606189951069  0.12486335253868860
  0.13337467206771930  0.14201840012729872  0.15083187744161686  0.15978236577792265
  0.16884606136601216  0.17811098886471508  0.18751500525270845  0.19701921960991978
  0.20656082908755791  0.21619383373900070  0.22602701958190780  0.23597812323005146
  0.24595065453206491  0.25586485616067950  0.26593231415751295  0.27615670910807488
  0.28672814265712376  0.29726964575743009  0.30795727710277104  0.31851538183998374
  0.32920621325519384  0.33995691173065573  0.35070032701130116  0.36164326223904358
  0.37290681733347653  0.38452493255832076  0.39618874665284132  0.40752045732712516
  0.41888546643004043  0.43017429786790445  0.44168058317595604  0.45327223733399424
  0.46489895694871991  0.47663553109214207  0.48835498312398962  0.50016321444630196
  0.51192513595698974  0.52371824127685318  0.53546936198674377  0.54718503493871262
  0.55894134963649933  0.57075153419663283  0.58248257850455942  0.59417812455163066
  0.60589396493007097  0.61769923219033374  0.62955521145053883  0.64142986246836398
  0.65323564941785262  0.66488601816906689  0.67630561195722383  0.68762951810950657
  0.69898697370819696  0.71030420845762998  0.72155727960726956  0.73280442038356475
  0.74411168066881206  0.75529074460774714  0.76644183814762679  0.77752429016612523
  0.78867115341155580  0.79984897661875776  0.81110089722491319  0.82226040144801538
  0.83341062670824884  0.84462556683821455  0.85563387168130589  0.86638026187439054
  0.87707988242037505  0.88783215599904319  0.89837538459760435  0.90869017584313472
  0.91892715429000693  0.92915498769042437  0.93948907148731775  0.94994280514779039
  0.96082772148640438  0.97221338093935572  0.98529638170718359  1.00000000000000000
 -0.01748515749803052  0.09940938387995722  0.13412266992839347  0.15616842809157908
  0.17422771541662657  0.18951312905751347  0.20311154767998829  0.21547335770146128
  0.22693888924502770  0.23772686502336496  0.24794180186747297  0.25768619547149912
  0.26695970851836637  0.27580728923528347  0.28432813838539645  0.29264111082825656
  0.30075057006207195  0.30870330820537711  0.31644816314866597  0.32398634261068032
  0.33142250208142682  0.33860811669688268  0.34566538021795978  0.35262094231625557
  0.35938103993216430  0.36597002154062708  0.37243660993347705  0.37879677334128514
  0.38510085524816789  0.39138821716534811  0.39764130721662810  0.40379269136691787
  0.40990414608338982  0.41601336932064714  0.42205506429232637  0.42805123705228670
  0.43400271418778597  0.43987376435509962  0.44569938428979089  0.45149970240394238
  0.45728935610577942  0.46307510059856710  0.46884106872589087  0.47459273612018238
  0.48036644007384960  0.48615453438090950  0.49193951057753865  0.49768206765763373
  0.50334909907199510  0.50904182080376836  0.51476605462954383  0.52049956438785905
  0.52622302102026641  0.53195340971617389  0.53769502763833954  0.54342122210469079
  0.54913713500420180  0.55487309598986945  0.56063695336876873  0.56646794969794989
  0.57235421268277631  0.57826230711933035  0.58422809902799144  0.59031386582328893
  0.59640471338981071  0.60254278558153651  0.60878871977297178  0.61509464288514215
  0.62146367616940845  0.62796171095655084  0.63460017502386823  0.64134198998458347
  0.64818102853060144  0.65513057034360500  0.66215089128988880  0.66928668129330804
  0.67668840424029775  0.68413820304575990  0.69176696641422120  0.69953223304612355
  0.70747499484413567  0.71574551569016920  0.72428474542003951  0.73321873303942775
  0.74259876627879007  0.75236808228768692  0.76263230329741749  0.77344912944287481
  0.78502325102074921  0.79751693696894066  0.81132719322460445  0.82689295492613502
  0.84504055276474932  0.86707486190907979  0.90210059056106118  1.00000000000000000
   3.1082838391659372E-005  -1.0000000000000000     
 T F T T T T T F T T T T T T T T T T T T T T T T F T T T T T F T F F F F F F F F F F F F F F F F F F F F F F F F F F F F F F F F
  <DiscreteSampler_grid>
  grouped_processes
  1 # 1 for a reference and 2 for a running grid.
  10 # Attribute 'min_bin_probing_points' of the grid.
  1 # Attribute 'grid_mode' of the grid. 1=='default',2=='initialization'
  0.0000000000000000 # Attribute 'small_contrib_threshold' of the grid.
  0.5000000000000000 # Attribute 'damping_power' of the grid.
 # binID   n_entries weight   weight_sqr   abs_weight
    10   10   6.144388725320699E+006   1.903026135412975E+014   6.144388725320699E+006
  </DiscreteSampler_grid>
