  0.00942313655486557  0.01623411629749644  0.02550224844027783  0.03651090834004118
  0.04717341198043418  0.05788779960935432  0.06859193748756882  0.07923135219423244
  0.08976519466095804  0.10038891999727073  0.11097109258347741  0.12150819243530697
  0.13199225945298534  0.14238204447583327  0.15267991510061907  0.16300208530952098
  0.17347302126802056  0.18412690713922400  0.19470887732194528  0.20528450030561005
  0.21596970657560730  0.22659426616890119  0.23697719907397069  0.24722710718294563
  0.25756478682024103  0.26784072750897459  0.27812545576550074  0.28845889787479356
  0.29888272429181068  0.30936980475828291  0.31989343311519847  0.33034711647521259
  0.34069883389588290  0.35097164785605572  0.36140720938599735  0.37190151546874139
  0.38223322513940122  0.39235158776360690  0.40231139528307530  0.41246575099051630
  0.42276265941326308  0.43327607754640785  0.44380162458293454  0.45443774131117937
  0.46504213611639428  0.47552531630460171  0.48590095011283996  0.49626108366217520
  0.50671621732412020  0.51713106513730434  0.52730958653385107  0.53738873599632020
  0.54766103664775290  0.55804760075209736  0.56848508455719671  0.57899876008356732
  0.58957119315125983  0.60008165385927281  0.61043992813564563  0.62070426064696416
  0.63094786687500015  0.64102178628560791  0.65122823075395342  0.66161212027330751
  0.67215479799929345  0.68285142587685155  0.69345151096526125  0.70419012450860774
  0.71481823250776699  0.72547731746313171  0.73599876260050545  0.74645516100502185
  0.75675459079008311  0.76690680179577952  0.77710341077856970  0.78749267391572519
  0.79810267056469919  0.80881982790945239  0.81949199485069157  0.83017498052840810
  0.84080974447413948  0.85147557613254077  0.86222092438757592  0.87282643159990203
  0.88345831633804695  0.89391525552917017  0.90437133027919903  0.91484437393214058
  0.92550140215107846  0.93626657829257875  0.94712997060286808  0.95798229821854530
  0.96880228780737365  0.97970418734846310  0.99147282457401120  1.00000000000000000
  0.00000137886072847  0.00000142029330474  0.00000149033543566  0.00000157323703507
  0.00000166643471969  0.00000176585917881  0.00000186935715580  0.00000198658584814
  0.00000210245008674  0.00000223286076354  0.00000236761822180  0.00000251143965434
  0.00000266573094526  0.00000282890488974  0.00000300293047101  0.00000318894597017
  0.00000338307408873  0.00000358960815960  0.00000380785498090  0.00000403517754137
  0.00000428066717673  0.00000453550021961  0.00000480445918871  0.00000509555072969
  0.00000539533505201  0.00000571808425914  0.00000605760211682  0.00000640793034138
  0.00000678671976523  0.00000717893456327  0.00000759502558292  0.00000803747817963
  0.00000849636451428  0.00000898013398206  0.00000949585741097  0.00001003339998781
  0.00001060518524779  0.00001122583410855  0.00001186491692896  0.00001256491724342
  0.00001330758759720  0.00001408013678269  0.00001492374367098  0.00001580962545475
  0.00001674618780535  0.00001779196008870  0.00001887417413655  0.00002006979644086
  0.00002134204578353  0.00002271107990023  0.00002419983728009  0.00002578151877113
  0.00002748269971367  0.00002932571148530  0.00003129138335187  0.00003345233283554
  0.00003573197853159  0.00003828927270046  0.00004103421068349  0.00004407117867383
  0.00004732206115625  0.00005095282761246  0.00005488814174567  0.00005919858983037
  0.00006383658971009  0.00006888732492574  0.00007435992293436  0.00008026210696319
  0.00008670234215281  0.00009378719383477  0.00010185677657157  0.00011080141431865
  0.00012070113680577  0.00013145596735290  0.00014329699646562  0.00015636105352540
  0.00017102321454102  0.00018742112250360  0.00020582741187658  0.00022643311516553
  0.00024921746975846  0.00027491793947048  0.00030388182794218  0.00033834395553891
  0.00038212228582745  0.00043132546621670  0.00048943573380328  0.00055685367595405
  0.00064146238776528  0.00074439630363035  0.00086842290256168  0.00104661549049143
  0.00127775466464521  0.00158888660291553  0.00314429562759198  1.00000000000000000
 -0.00245629054319638  0.00922862001018202  0.01916511809606427  0.02952007637296541
  0.03983639602134156  0.05011600363148145  0.06046825068700819  0.07090760531475623
  0.08143504454439121  0.09215209243988702  0.10255595483916279  0.11319121821289879
  0.12369297431876196  0.13433358712711524  0.14478872236009716  0.15496464518765887
  0.16506936000979908  0.17537088287920385  0.18587954049454142  0.19666559572115422
  0.20725806483994541  0.21783921425786984  0.22823177729424987  0.23872906760603135
  0.24937210116708414  0.26015822154818474  0.27092487209613086  0.28155116250659445
  0.29212886656784126  0.30274017619402077  0.31363613432782506  0.32434394430828739
  0.33517189535460634  0.34560442652005191  0.35617489172876315  0.36650900532098640
  0.37691491909859248  0.38711141330514703  0.39737624950633049  0.40785967064473710
  0.41843725735702436  0.42883004927923885  0.43919250368157181  0.44988194248560159
  0.46060310152503425  0.47171476421372588  0.48258522344224358  0.49327867843093354
  0.50373781013054286  0.51415904713750615  0.52450460312576941  0.53481020357594899
  0.54527673572748703  0.55572917407019495  0.56623763791156345  0.57684634981682903
  0.58754009169148314  0.59839917967852907  0.60910573166233561  0.61982845982702772
  0.63038054687979184  0.64105746090249860  0.65175855828075402  0.66217800549855577
  0.67283560517298646  0.68335674705759031  0.69382230209010054  0.70416608482683607
  0.71469992980574604  0.72557003821528732  0.73619827268383620  0.74667236315681562
  0.75736633790799335  0.76808360675495801  0.77887767715907186  0.78935191389053549
  0.79969781935354167  0.81014722406860951  0.82061188334677726  0.83130007270658657
  0.84214864640461917  0.85292411444479432  0.86339046351297810  0.87376429197942784
  0.88426935261371353  0.89469385775759680  0.90506172508249871  0.91549701835656561
  0.92626096062044327  0.93691267620271390  0.94737716835527574  0.95788286184508786
  0.96849308826457559  0.97902323842886307  0.98958984770033342  1.00000000000000000
 -0.00246739083327700  0.00966510811561899  0.01961911491658771  0.02994258044355540
  0.04042996949512145  0.05113879175623887  0.06176437344777927  0.07227263262991139
  0.08291169089864101  0.09362171416755602  0.10427102467779539  0.11473915568332770
  0.12514242768949235  0.13563047474347278  0.14621846999071414  0.15708902588516382
  0.16786682307308565  0.17853495878641987  0.18924234521118977  0.19987502437831423
  0.21038653593896209  0.22067219593954515  0.23095444713191235  0.24120628106467484
  0.25152451995022634  0.26214766296378861  0.27282476342688022  0.28336336735669992
  0.29388202883401765  0.30449103674277483  0.31508265557978987  0.32560842199831053
  0.33610462693171678  0.34665631607412600  0.35718169521092352  0.36780319918917281
  0.37847609966902118  0.38914653641758334  0.39981940739272209  0.41032471613372890
  0.42079800553266178  0.43108524748805088  0.44140125323305185  0.45182676441541625
  0.46232122717820234  0.47297694433943926  0.48387346063484588  0.49474382020279012
  0.50543467651441032  0.51593503875725666  0.52657825671068859  0.53729668925822460
  0.54800308711006518  0.55851945854103380  0.56894964944395698  0.57930732246299088
  0.58978598946932748  0.60038141922213506  0.61115209852059493  0.62186431770001926
  0.63249587071367275  0.64306510912271020  0.65375987408372127  0.66458453615132085
  0.67537085336921265  0.68612816388388298  0.69670461896204317  0.70722151225713581
  0.71761510977040333  0.72798859066799726  0.73843886149176141  0.74898301367930598
  0.75965230926602145  0.77042966335060792  0.78099859623858270  0.79158332125274300
  0.80170731278758789  0.81201018234325251  0.82225712552530550  0.83252479821474545
  0.84289840085930101  0.85336695524160744  0.86387972056561113  0.87426642896031581
  0.88464866759498395  0.89496559694050604  0.90530083398764993  0.91571773532552614
  0.92629133255924756  0.93681351360033294  0.94725815745493736  0.95776984395087272
  0.96839101874592570  0.97884589819005607  0.98937669015267149  1.00000000000000000
 -0.00244632899609151  0.00945766776725646  0.01966558477318752  0.03005950908317203
  0.04061398737665682  0.05111369910385662  0.06156478748085910  0.07200253911460466
  0.08251134521932516  0.09322994366385087  0.10400250991043701  0.11464505682881701
  0.12518950606328472  0.13549449881621306  0.14581288015899876  0.15616338394757043
  0.16665338143709937  0.17711731062979374  0.18758030078306487  0.19804513399863033
  0.20856176755775510  0.21912299648429712  0.22954141357495281  0.24008472639882542
  0.25060050067393186  0.26115568365929792  0.27168572865835466  0.28214822762593383
  0.29276127369937732  0.30326754198024258  0.31381182684049003  0.32429848153354812
  0.33488166044344497  0.34550110700309833  0.35604272075178095  0.36658957443786322
  0.37705936194139889  0.38790502057680964  0.39860023651413151  0.40937236100746593
  0.41989467107916673  0.43046228618232979  0.44092969478737204  0.45157312507361846
  0.46226268096675943  0.47305987945985040  0.48376556981128993  0.49449612356032530
  0.50509464096760792  0.51560499783965363  0.52618211385050306  0.53679568116613063
  0.54738304264134308  0.55769209593669722  0.56818203117380606  0.57861218804423364
  0.58914052672461392  0.59975047872410991  0.61069416606116034  0.62179397617214793
  0.63253728231382667  0.64319844256196956  0.65386891372465850  0.66478461919042708
  0.67558779532776569  0.68630429025256945  0.69670895704089575  0.70698236475585086
  0.71719702592292700  0.72746926840607773  0.73819117920418520  0.74877704699472258
  0.75949766297253452  0.77004664933283562  0.78072470400195904  0.79134972106979740
  0.80186960622573378  0.81227681808625085  0.82261593306159808  0.83300356297475742
  0.84343512927581643  0.85390592918084529  0.86452103686889226  0.87512835334722339
  0.88549997737840658  0.89590027736378841  0.90635049574926885  0.91699156806666404
  0.92757336198037399  0.93799212982756697  0.94835312523502624  0.95866978496769428
  0.96885750042027530  0.97917235187326035  0.98950622292341728  1.00000000000000000
  0.01387627970426537  0.01920112718866701  0.02538274717750851  0.03251853855696237
  0.03959781865123474  0.04669844159531598  0.05383994838432208  0.06098499791210423
  0.06825589337794329  0.07560479658485311  0.08320172523525704  0.09109963188648361
  0.09910777788241146  0.10722536808535682  0.11553127726511458  0.12402301249261492
  0.13269118944418401  0.14152107851592086  0.15052849791072637  0.15967137847657692
  0.16880882450801260  0.17797748130642876  0.18728077147152292  0.19672668431363763
  0.20616131267676638  0.21569314480282992  0.22527534465987925  0.23508016924006703
  0.24495184997157704  0.25482599708429188  0.26493779959145797  0.27523012136560010
  0.28579440039187542  0.29634418102421306  0.30680940652197974  0.31754455357142469
  0.32835955957334534  0.33918545826705931  0.34989684573439378  0.36085767752419151
  0.37205052468169519  0.38316641158884357  0.39404308995366721  0.40499682442385726
  0.41607572024127804  0.42742721529389421  0.43886305502468581  0.45044595675977267
  0.46209655144293443  0.47377470125368393  0.48544599338344535  0.49713409471035264
  0.50889146098722071  0.52072295446529115  0.53257740337627368  0.54433590151720868
  0.55605975629152349  0.56782834359623402  0.57968966189273841  0.59163747754033236
  0.60359143716234254  0.61542603296466958  0.62708106606794511  0.63865742832890171
  0.65022245329941131  0.66178823563397671  0.67327489167520460  0.68471695477471928
  0.69617464014258834  0.70770013503299656  0.71922294251709762  0.73065514469159576
  0.74211454083297002  0.75354800992928173  0.76499875727750644  0.77629823372308615
  0.78750511163361558  0.79871757191841286  0.80982293654377080  0.82079972349709962
  0.83167349849260819  0.84256613174824035  0.85348193217255142  0.86430981648982230
  0.87513248085196116  0.88589988943116416  0.89658712581726507  0.90738441161375960
  0.91811680365052639  0.92889881954679143  0.93954312507313031  0.95016822846693105
  0.96111088346111373  0.97269880724411706  0.98566869689859582  1.00000000000000000
 -0.01720994996090760  0.09782331788142010  0.13303776356960670  0.15505957538419152
  0.17313533257079575  0.18867752504847266  0.20255460427838573  0.21509890668987311
  0.22667983697667313  0.23750020854538484  0.24779848650253447  0.25752985412813068
  0.26682427001347764  0.27569987446568656  0.28423767948586665  0.29252628421819576
  0.30047773848664489  0.30831826854364663  0.31592210765497947  0.32333035574939945
  0.33062527847780832  0.33774727342629396  0.34475452676165397  0.35162681144620050
  0.35831680562185503  0.36487214491681436  0.37134523791683283  0.37773408938774727
  0.38403028655892862  0.39026858066353998  0.39648920644815228  0.40259678184278658
  0.40865030911251748  0.41463822402398459  0.42063858842063684  0.42662205041978074
  0.43254461827734769  0.43841103437417234  0.44423673424366900  0.45004423605535560
  0.45584423206096741  0.46160562381269321  0.46736088524699099  0.47316100901293034
  0.47898168593477597  0.48478852789902799  0.49057385061786468  0.49632708757588845
  0.50205056477712029  0.50774413145154251  0.51343788577806926  0.51911286275877333
  0.52479562877958930  0.53048385051738400  0.53619763775080687  0.54194445147798165
  0.54771171168637545  0.55347819798299891  0.55923638870307224  0.56502556492869038
  0.57087720138935527  0.57678446594669941  0.58279064417233339  0.58889861249640296
  0.59503281696526333  0.60117637272478408  0.60738588462945609  0.61368637915615154
  0.62005098224705146  0.62650559354499535  0.63305516208591950  0.63966372659949744
  0.64634958397047726  0.65318885648618030  0.66021167343428011  0.66741594090420209
  0.67480146150565767  0.68228351203104209  0.68993349883152744  0.69791700812687418
  0.70605617772739659  0.71438033749839247  0.72289564588793098  0.73174121681311133
  0.74104905843546609  0.75076282757189439  0.76102616398590850  0.77176808507813555
  0.78333637034100945  0.79578248525383433  0.80938774100566568  0.82457204210625701
  0.84234307141894094  0.86430058335427096  0.89965322604048181  1.00000000000000000
   3.1587265096660892E-005  -1.0000000000000000     
 T F T T T T T F T T T T T T T T T T T T T T T T F T T T T T F T F F F F F F F F F F F F F F F F F F F F F F F F F F F F F F F F
  <DiscreteSampler_grid>
  grouped_processes
  1 # 1 for a reference and 2 for a running grid.
  10 # Attribute 'min_bin_probing_points' of the grid.
  1 # Attribute 'grid_mode' of the grid. 1=='default',2=='initialization'
  0.0000000000000000 # Attribute 'small_contrib_threshold' of the grid.
  0.5000000000000000 # Attribute 'damping_power' of the grid.
 # binID   n_entries weight   weight_sqr   abs_weight
    10   10   6.442917859021913E+007   2.317412880563843E+016   6.442917859021913E+007
  </DiscreteSampler_grid>
