  0.00944380193293760  0.01603498653081277  0.02555526852476470  0.03636367457519227
  0.04680557948865994  0.05710934687685176  0.06744901971196683  0.07764854538503330
  0.08805155033155367  0.09861240926994178  0.10943821607758358  0.12027715196123634
  0.13101520470317951  0.14168798730561749  0.15209107520998236  0.16265007942613871
  0.17315233035910191  0.18356979982181090  0.19397045601298871  0.20434371061325496
  0.21485349342549742  0.22525476142041567  0.23581801762712060  0.24641901144264272
  0.25684761789992450  0.26710456561437956  0.27744030374045575  0.28814377091972687
  0.29883611511058999  0.30947073590040253  0.31997634710958461  0.33047610121361981
  0.34063229443219656  0.35074878713649782  0.36095628548780978  0.37118928565246700
  0.38142453843633806  0.39171781579199350  0.40213854003672767  0.41255586072488332
  0.42280806228086520  0.43309252497277279  0.44357320625740393  0.45414838711980521
  0.46476763594756382  0.47534192057825841  0.48613585212204258  0.49703736351085676
  0.50792598101305797  0.51867885891180077  0.52945397835286967  0.54016516839114204
  0.55069763004702377  0.56121802074803895  0.57187621765602037  0.58272574816397360
  0.59357410536227828  0.60452912645849355  0.61532555396515221  0.62595889070885180
  0.63634746153097443  0.64671352551585526  0.65686074183690468  0.66693587629875617
  0.67713752315650821  0.68743942939035407  0.69767385862334463  0.70787280931635677
  0.71781653447013483  0.72778966960837665  0.73762674294168729  0.74742793426577958
  0.75771846585438984  0.76830219098843400  0.77921291264299453  0.79013693696555798
  0.80088162120856987  0.81175441421737371  0.82205784199223408  0.83237557437791665
  0.84289979346308164  0.85357075003943006  0.86440447685676280  0.87494071342150403
  0.88544178392179695  0.89604435241799552  0.90649035596598271  0.91661444544960569
  0.92679203752667927  0.93694313120832229  0.94716784716637259  0.95739800287873800
  0.96824232323813064  0.97943295496276239  0.99144955575237703  1.00000000000000000
  0.00000136029075425  0.00000143412956636  0.00000151067459085  0.00000159398600585
  0.00000168644266518  0.00000178112850228  0.00000188384466011  0.00000199515454491
  0.00000211000813657  0.00000223284699556  0.00000236481506545  0.00000249610222899
  0.00000265328518767  0.00000280909275968  0.00000297840668521  0.00000315714635104
  0.00000334400119398  0.00000354339297741  0.00000375311731106  0.00000397182261726
  0.00000420882441822  0.00000445363646966  0.00000470950139833  0.00000498487947835
  0.00000527145394365  0.00000557635696553  0.00000590158578778  0.00000623802011715
  0.00000659485413608  0.00000697241909235  0.00000735773202039  0.00000776519748288
  0.00000819141573118  0.00000863606738163  0.00000911656592543  0.00000962612765980
  0.00001015475215659  0.00001071840513231  0.00001131736087432  0.00001194143628795
  0.00001262628601989  0.00001335190888680  0.00001410840431111  0.00001491672212434
  0.00001576792675509  0.00001664115320940  0.00001760650020681  0.00001859379294672
  0.00001965659029940  0.00002079409631853  0.00002199334340184  0.00002326792782890
  0.00002469174221501  0.00002612455501306  0.00002781322670620  0.00002957272119314
  0.00003151388671637  0.00003363145356203  0.00003592795366055  0.00003841298859217
  0.00004110599191541  0.00004395292316026  0.00004711295573527  0.00005041823269012
  0.00005423727514350  0.00005822915648079  0.00006259894864309  0.00006723263541330
  0.00007240793377667  0.00007802257943810  0.00008421995497589  0.00009092499222311
  0.00009829315593634  0.00010643261684153  0.00011531216463797  0.00012537397043184
  0.00013639544244398  0.00014896248685387  0.00016294463257922  0.00017832023334153
  0.00019536741024720  0.00021448056324888  0.00023611297157456  0.00025947735123504
  0.00028542404704338  0.00031446341652139  0.00035083430014470  0.00039483413730730
  0.00044767788195666  0.00050935486334481  0.00059177373612769  0.00070254052972813
  0.00079745309728770  0.00117604871406110  0.00205404664330617  1.00000000000000000
 -0.00146268716647316  0.01013125654184729  0.02055475499887625  0.03099864187537040
  0.04168062978832551  0.05234053246005678  0.06295030349297170  0.07341847365186295
  0.08389977802019001  0.09466527750654125  0.10529144291634560  0.11590263932374677
  0.12655532650319495  0.13730321803035683  0.14792593669383472  0.15840283200803959
  0.16895290681402605  0.17973907250374332  0.19061023579649292  0.20174140486526387
  0.21243578532791582  0.22288967542624355  0.23321551295077819  0.24387958837108090
  0.25438455070503946  0.26481078577053385  0.27518777219167823  0.28573434761671079
  0.29605858266189533  0.30644010493392804  0.31692392348764714  0.32785988043708736
  0.33863748732403193  0.34934807493703712  0.35988157864428411  0.37031895725194208
  0.38070967249798870  0.39089245268097728  0.40123575383203830  0.41173102130058947
  0.42228383310224987  0.43290166419229875  0.44347081423292639  0.45405117547577906
  0.46448863862909817  0.47462908194683640  0.48484398642542176  0.49498577504890662
  0.50517145373412087  0.51518054416485504  0.52535844834718015  0.53542820930596091
  0.54583387648484982  0.55606971584357145  0.56651720477712153  0.57697253111777913
  0.58762204091935510  0.59836472440354915  0.60904139295700022  0.61959788528931614
  0.63020055463525670  0.64092564331217561  0.65164308405949656  0.66238255606816376
  0.67298848963409863  0.68351824282044360  0.69397785981975935  0.70434268629804531
  0.71481973625294748  0.72538113458461073  0.73606136807553313  0.74654985443011279
  0.75676375738955881  0.76671717944105433  0.77695401172502809  0.78737496409477714
  0.79812005843670519  0.80918924766476319  0.82024423971570470  0.83140273758296412
  0.84223949873619686  0.85301341754767535  0.86324960579446630  0.87345470477237896
  0.88371499210428117  0.89404073022162955  0.90431727106889670  0.91466736383263669
  0.92522666488196292  0.93583772472645299  0.94647058147589425  0.95713940557839650
  0.96779764915652933  0.97840142170090449  0.98923228238223171  1.00000000000000000
 -0.00224411911705758  0.00868559950942476  0.01821063181537421  0.02846820782763074
  0.03895504499411136  0.04930041800028540  0.05928433529692129  0.06943853352051278
  0.07986850728088260  0.09029604117052534  0.10075715572605246  0.11126861054265724
  0.12181335346922409  0.13233702743962830  0.14272010331706603  0.15332494829767501
  0.16405831284765068  0.17441949827791803  0.18485677291538916  0.19534606453438524
  0.20594603027234673  0.21642892349076401  0.22701942373693604  0.23758838266441407
  0.24810421293859589  0.25868055581963617  0.26943503164614779  0.28028595295708608
  0.29093049117153674  0.30178782968187423  0.31261873179897792  0.32308938350960692
  0.33369381031654055  0.34402369416435552  0.35430015195582210  0.36474803245690224
  0.37497358240430956  0.38570024637518785  0.39607605595152939  0.40680034970481288
  0.41729289230845823  0.42765627894694852  0.43832687291605515  0.44917371254117960
  0.45997074092678486  0.47054778131236952  0.48139848971186716  0.49273209686378555
  0.50411196186617013  0.51510188928961842  0.52603669557584409  0.53683529620291015
  0.54755230810479938  0.55812975369698692  0.56868447592772997  0.57916356036255812
  0.58975542353858890  0.60048241295832883  0.61143085536048913  0.62198743190826589
  0.63213443110885859  0.64223392196271401  0.65268422214608235  0.66315377590464941
  0.67351556666258328  0.68380675467447150  0.69420888994534202  0.70466015095679413
  0.71510474653484934  0.72567653736916859  0.73623621222846469  0.74655457428790239
  0.75692389445862018  0.76748661630792681  0.77805642226720939  0.78855132187484989
  0.79896445084003320  0.80970972714807854  0.82032969813503864  0.83082265369715125
  0.84124388578908704  0.85162893806512674  0.86177838517932925  0.87212658346751759
  0.88233853879297963  0.89277991948951640  0.90312177467599553  0.91361224655654982
  0.92428323250032907  0.93506358477322615  0.94614696707316637  0.95737993702086577
  0.96813962879116444  0.97880018098870725  0.98937467259804646  1.00000000000000000
 -0.00250423918168094  0.00933569957665962  0.01917608402747114  0.02946788513685896
  0.03983996826718061  0.05031961199310388  0.06069647239076884  0.07112126633160248
  0.08154782324377510  0.09201824938437797  0.10245541957090930  0.11287114648360867
  0.12305827697311578  0.13377770476146000  0.14451750520811760  0.15543066038864881
  0.16624296651517287  0.17708683220580976  0.18778650462973714  0.19816246209185040
  0.20839914432084078  0.21877296804464907  0.22922441377872108  0.23988114534451116
  0.25059930874408692  0.26154599543103479  0.27246570107465146  0.28336358443574489
  0.29413667677622701  0.30484838433685513  0.31545650062452080  0.32591697970304562
  0.33616623427291276  0.34670718850067639  0.35732390616041931  0.36784338074193601
  0.37821036707118127  0.38866678463298554  0.39918812068461335  0.40988654090546384
  0.42056796329990137  0.43136502304672875  0.44197578442357977  0.45273395279716550
  0.46332504197361096  0.47385417215195297  0.48431406762160850  0.49484088530785553
  0.50539928183965699  0.51577826388363146  0.52625367750272400  0.53661105275439103
  0.54722124313744780  0.55798141055301465  0.56889574151174749  0.57958377640814873
  0.59040994861112195  0.60122222201512399  0.61189141011894066  0.62234265804986078
  0.63286052541059334  0.64349742573319213  0.65410075657621203  0.66451581788482605
  0.67493491934637795  0.68533139513867281  0.69550157186360939  0.70566271425209548
  0.71599010363828097  0.72633403530172680  0.73673261124456135  0.74700354088739862
  0.75760310821894128  0.76820052444586095  0.77860057896551949  0.78907294208498902
  0.79955949496322065  0.81005351565788164  0.82038269910068917  0.83065812361658919
  0.84096017277910096  0.85143638632748597  0.86216397230154362  0.87327849136211610
  0.88430668551310332  0.89554251079644043  0.90605456737411394  0.91670024943641537
  0.92708841687211818  0.93777315658770777  0.94837535650720561  0.95872310634200997
  0.96900980328505126  0.97923506714558362  0.98950598984874116  1.00000000000000000
  0.01457489434872048  0.01840786749622437  0.02518143523936898  0.03308307864134166
  0.04099947946723739  0.04882285357865600  0.05660291278583666  0.06451640054135738
  0.07260872331047533  0.08074248562051189  0.08872109438592295  0.09620069762340072
  0.10385847348332479  0.11160527393193241  0.11944889468545232  0.12743703733359377
  0.13548853811852307  0.14375845703675796  0.15223760388920768  0.16090787936944589
  0.16984494469252981  0.17915905001142746  0.18861892396453675  0.19811365321520386
  0.20762404718899433  0.21716815288256064  0.22683057173534824  0.23659837633244488
  0.24639315831963182  0.25627040334029455  0.26625846886951604  0.27621348374745608
  0.28618913462745998  0.29635758974000059  0.30673299040575608  0.31727677181078212
  0.32800404455673815  0.33902326655702053  0.35029352709484790  0.36152807799353981
  0.37269231215149701  0.38389959145994262  0.39503059207984448  0.40627936944748277
  0.41767557141522399  0.42926324583084058  0.44089434514608022  0.45247043148842370
  0.46385424473649461  0.47517409719939158  0.48672691804350859  0.49856269889059429
  0.51051545595752457  0.52259823465956934  0.53478016928877115  0.54689700010206199
  0.55888124614696921  0.57088743793356078  0.58291355652344934  0.59483504418334687
  0.60678076446509588  0.61884338331708533  0.63092136676316057  0.64297227402418056
  0.65500544428673790  0.66692301144330823  0.67859178222605632  0.69009021655595282
  0.70157444528769419  0.71296743877352209  0.72426410787466988  0.73567314127541839
  0.74716154735748974  0.75835552573849174  0.76936935202089374  0.78050178604051235
  0.79167359305848262  0.80281775152855095  0.81405754338316294  0.82526411029512059
  0.83606670822260354  0.84648348129382001  0.85678717691112449  0.86713320997978993
  0.87752769207575310  0.88799654205403677  0.89845082954269240  0.90872476824184767
  0.91901042933202726  0.92936699020776004  0.93970782873842551  0.95008186190830435
  0.96096448744455987  0.97259719991741433  0.98551172659479669  1.00000000000000000
 -0.01693795666595206  0.10015400209295355  0.13394349799176924  0.15549630580830126
  0.17338043789363014  0.18868347060527133  0.20231515308769321  0.21480449972256033
  0.22650296503359804  0.23751198747699917  0.24781309929843834  0.25758492084036599
  0.26690574764162761  0.27584918383592483  0.28437184804106197  0.29263205043692125
  0.30056518356905171  0.30838485290718576  0.31594494533751721  0.32323304175479395
  0.33044527185392480  0.33749142317244107  0.34440079580303384  0.35119356237012467
  0.35791331330970405  0.36458944787997422  0.37118282797463859  0.37767046265542636
  0.38407487900810128  0.39043436389850616  0.39676035639336582  0.40305177513336993
  0.40937212456712746  0.41566317367812472  0.42181167024094102  0.42786823402271124
  0.43387275558420857  0.43979054034023290  0.44560174949598408  0.45135756214196598
  0.45713829184185573  0.46296277328952540  0.46879699160415733  0.47460343242755998
  0.48031719936338357  0.48598189921725710  0.49157693249440054  0.49719096818969921
  0.50278028755952009  0.50838032621291385  0.51399327388088756  0.51960835050721710
  0.52526125061404250  0.53096109305728312  0.53671275080222214  0.54252650621187215
  0.54840589458803790  0.55432978618708206  0.56022154543443770  0.56610927379343434
  0.57203694560193652  0.57800629885445376  0.58402372228977995  0.59017289334345968
  0.59636225054632808  0.60254480251247544  0.60877401418300414  0.61505872572730058
  0.62143854102830953  0.62795434829274599  0.63457742256202831  0.64126203597668430
  0.64802824658200042  0.65491313788091510  0.66188765492973833  0.66897879549018868
  0.67626787523206866  0.68365433278493815  0.69126603822904487  0.69911124977500316
  0.70713787427159536  0.71547163305718953  0.72400219612272387  0.73289841830370872
  0.74219634800124401  0.75186136441973972  0.76196667872456669  0.77262024469889601
  0.78406452223890477  0.79642378329951435  0.80996196960671540  0.82512472185756580
  0.84286928500588698  0.86456162316589225  0.89953109744373694  1.00000000000000000
   1.1474133946886815E-004  -1.0000000000000000     
 T F T T T T T F F T T T T T F T T F T T T T T F F T T T T T F T F F F F F F F F F F F F F F F F F F F F F F F F F F F F F F F F
  <DiscreteSampler_grid>
  grouped_processes
  1 # 1 for a reference and 2 for a running grid.
  10 # Attribute 'min_bin_probing_points' of the grid.
  1 # Attribute 'grid_mode' of the grid. 1=='default',2=='initialization'
  0.0000000000000000 # Attribute 'small_contrib_threshold' of the grid.
  0.5000000000000000 # Attribute 'damping_power' of the grid.
 # binID   n_entries weight   weight_sqr   abs_weight
    10   10   1.574131471907550E+007   6.568417649374819E+014   1.574131471907550E+007
  </DiscreteSampler_grid>
