  0.00925371446192159  0.01644700874282309  0.02804551847765030  0.04052853749096448
  0.05275840286175736  0.06383954191096226  0.07409645000246018  0.08386560939087086
  0.09311905488757626  0.10250356476234788  0.11163604015263244  0.12078840855795786
  0.12944639210800224  0.13854234239921231  0.14781357839789375  0.15774237971535354
  0.16814903371021822  0.17910492318555640  0.19011055219082604  0.20113741054478348
  0.21257322122047217  0.22395024362178034  0.23502795389036887  0.24587834882812187
  0.25659100886143177  0.26699503696601806  0.27790578278178313  0.28938873879877886
  0.30038705711702335  0.31037662798752191  0.32045656425478863  0.33068115656607472
  0.34049167289167265  0.35013788391167083  0.36058279824845069  0.37132258836072890
  0.38159976230378223  0.39140792200299196  0.40148266378723685  0.41230939435887903
  0.42329869031762268  0.43423093281985720  0.44481731685320508  0.45541036163651644
  0.46666651325677827  0.47771047431509406  0.48797700893506185  0.49814746301679030
  0.50895111952486871  0.52021518871142414  0.53132706500816895  0.54193816335351952
  0.55245371891236217  0.56293466352894572  0.57323422957722858  0.58389217014365113
  0.59423039945708789  0.60458912790874730  0.61481202330921281  0.62507051002692238
  0.63514980576018942  0.64522245307593662  0.65536501158559779  0.66592607542722992
  0.67642134647665386  0.68664152699812575  0.69674043649857431  0.70694190730157380
  0.71792873712606953  0.72930712660082675  0.74010684844780461  0.75010978701165421
  0.75951987650752151  0.76889083742500142  0.77826899068213096  0.78733046891402281
  0.79678726974156178  0.80675859304805031  0.81809000838526624  0.83050849149544737
  0.84250077346176799  0.85387599624406962  0.86512002702788660  0.87607250885518562
  0.88668845874819169  0.89681147228058378  0.90714253480588292  0.91707915513692484
  0.92737618748264428  0.93744338718518849  0.94791581791122281  0.95845101275928302
  0.96938434616815650  0.97997053846730675  0.99017883103060211  1.00000000000000000
 -0.00002104940645176  0.00035577479425162  0.00110370440724949  0.00241604088171835
  0.00421630139576074  0.00647484374301456  0.00924655746851856  0.01253989791709129
  0.01626119922623023  0.02041487258021718  0.02503239872425893  0.02998974414024171
  0.03525429790697023  0.04079658984311764  0.04674211003424102  0.05282576417062115
  0.05919563503766098  0.06595193711616304  0.07300445117176277  0.08000738172033671
  0.08733095616461095  0.09505380628911803  0.10313740598419402  0.11166503979660104
  0.11995035191636154  0.12817471826812571  0.13691563781496707  0.14619262467650979
  0.15603279170410003  0.16618280284714126  0.17651905719800293  0.18701291229260950
  0.19767920037968678  0.20839963727743246  0.21861332679326984  0.22878498050933471
  0.23904454855457274  0.24898522734684428  0.25948074399590376  0.26983069577458307
  0.28012382754957549  0.29030201279629797  0.30032978932916021  0.31091207595667320
  0.32176214170942946  0.33268289742034007  0.34379477937588010  0.35521875545196196
  0.36674524283053084  0.37836813432186317  0.39102234706220923  0.40345087888156012
  0.41615368551791043  0.42904795028490494  0.44193935424422859  0.45469350295746513
  0.46726747447192929  0.47962494333904787  0.49257378905817373  0.50577593790404274
  0.51922565411656885  0.53312115073318866  0.54730774775413182  0.56109033357604199
  0.57456499110525472  0.58794435743223605  0.60133948247660429  0.61495197839625748
  0.62891650523609222  0.64265201753029344  0.65614605767748380  0.66945177211954854
  0.68269859757439633  0.69604248668208435  0.70963722400815199  0.72329734770994492
  0.73692053450555972  0.75025638192998689  0.76325838359469567  0.77602092055210670
  0.78886944709369011  0.80191510955248846  0.81577180456688836  0.82991620346116113
  0.84404323911623980  0.85814474321674095  0.87198245554207476  0.88588326078160839
  0.89959127949771123  0.91347109459623355  0.92772539232739082  0.94195555694280808
  0.95619856873207343  0.97066956474892485  0.98531508537171297  1.00000000000000000
 -0.00221333261534747  0.00957172661006102  0.01943754806364290  0.02905443252356909
  0.03846403893690112  0.04867992432006257  0.05936318115699987  0.06959622519534732
  0.07941309560640465  0.08942057787024779  0.09967359237563815  0.11018073336854892
  0.12113275924456539  0.13196722500927022  0.14253942228398672  0.15335625411108095
  0.16455981548950624  0.17609978178169836  0.18685277705128286  0.19886927166404711
  0.21030076676928461  0.22119128220112722  0.23241909049674048  0.24306387130627843
  0.25354739376282759  0.26372936001959546  0.27361809282736060  0.28284435992621121
  0.29192692921116736  0.30141359135343920  0.31141775753149042  0.32126494397543987
  0.33066605907542085  0.34202759954654272  0.35396343304326772  0.36464495767071059
  0.37510644160654877  0.38505360850966003  0.39514179346244993  0.40496728963062112
  0.41507854585987514  0.42537452628436684  0.43575458116271160  0.44679836783960480
  0.45796944247176263  0.46824348347723554  0.47784689409684500  0.48719491285681649
  0.49644128660921660  0.50589047216640182  0.51545701353829521  0.52565227972781259
  0.53657007969878967  0.54757762029747759  0.55833219948480461  0.56881266976554634
  0.57923497153007042  0.58971466733846523  0.60017827183473338  0.61107507191566257
  0.62158183782218135  0.63147834979143447  0.64141251937575283  0.65233206077443839
  0.66371675956120868  0.67459294122875968  0.68496208557775018  0.69520410623634277
  0.70544433824273245  0.71572679630286073  0.72622706659317493  0.73691553865924708
  0.74815445450319018  0.75995957962758343  0.77197427515374462  0.78366241489328614
  0.79472950104168594  0.80513567217772486  0.81513665229072918  0.82528365205572574
  0.83568133476027895  0.84640097851290430  0.85799981321560581  0.87045137930589989
  0.88308426351886882  0.89569540263276792  0.90720468484574435  0.91882707513812567
  0.92966096314990820  0.94072569404624329  0.95106264226207271  0.96078414540787960
  0.96999239560043116  0.97942930103218284  0.98966764956353037  1.00000000000000000
 -0.00296478673429457  0.03093737531637429  0.05495089618913601  0.07496988608269407
  0.09345338157029075  0.10939799012548458  0.12352365126937567  0.13692090182686903
  0.14898447574485418  0.15994054681397074  0.17009255079834251  0.18010295286082639
  0.18972981977892694  0.19889579097937030  0.20815512534934488  0.21825578945042307
  0.22850325552027206  0.23807870507260948  0.24718324507173589  0.25641853197592163
  0.26638822467214435  0.27642638945750930  0.28604515961430688  0.29533021153179495
  0.30476207043288556  0.31344327597582328  0.32193069495191218  0.33042649831714460
  0.33915970314879396  0.34782500149769668  0.35635106180107784  0.36502734850932639
  0.37399816586676238  0.38320559340453098  0.39222915655980634  0.40071497120545524
  0.40892929961172353  0.41704894804490544  0.42510845806786141  0.43312958269352536
  0.44118879409397743  0.44909449731455087  0.45703036733447855  0.46558685330491850
  0.47438799884404198  0.48335993266015675  0.49249514300681951  0.50149904460575778
  0.51024781976223177  0.51966420549007564  0.52868158317813918  0.53758528954368590
  0.54630143210709181  0.55485130088257251  0.56308607594355664  0.57094636850255231
  0.57856694480484250  0.58612129122005130  0.59363982273123006  0.60104531278952000
  0.60842468182285214  0.61592777808565669  0.62374316401202501  0.63177177684923158
  0.63948971003245847  0.64719106960626627  0.65592967796207746  0.66511407901461639
  0.67363668852646064  0.68176834180168944  0.69014254130709940  0.69889278896163531
  0.70797448465256152  0.71676260168003325  0.72556330614144271  0.73514605425802593
  0.74525757166625139  0.75508230129973064  0.76441126087718680  0.77366831036191663
  0.78270231953237734  0.79163600520210053  0.80077175786560595  0.81070132761707336
  0.82133662864975798  0.83215499752519340  0.84368614858641688  0.85645416547330089
  0.86983887738345345  0.88281291645830406  0.89477913675613419  0.90744302137041633
  0.92144062577558061  0.93900196510864509  0.96322370874739360  1.00000000000000000
 -0.00242424618236304  0.00843916821431459  0.01871351950126479  0.02981782139772755
  0.04157356897537661  0.05316807148851570  0.06476027766770621  0.07637766930774850
  0.08775688876984655  0.09879794280042169  0.10978578446967086  0.12087341509520279
  0.13222267712374741  0.14399591299473502  0.15743554308427790  0.17092995915507189
  0.18376090680943402  0.19600340807530570  0.20724801006726645  0.21722170690568315
  0.22674705432991737  0.23640095883655540  0.24610207005258067  0.25551485682119085
  0.26485450628221990  0.27484466662313156  0.28533044107142647  0.29594702679902041
  0.30665509358328880  0.31767890723902537  0.32897996842913174  0.34026493921984963
  0.35136814642531050  0.36193340405091445  0.37210795124844465  0.38328033094680358
  0.39480016635592524  0.40632237655084424  0.41731962268668898  0.42878940083001316
  0.43988274019245427  0.45125407606528450  0.46284508116440320  0.47587237141729893
  0.48827479130728024  0.50004225327834351  0.51139486198275075  0.52283691439437374
  0.53476866116309107  0.54675527048971118  0.55849413641820533  0.56949740459531006
  0.58023789656300062  0.59009103486950532  0.60014041474961632  0.61001485097871355
  0.61966643147704903  0.62865325757510160  0.63709824188236786  0.64579100055236860
  0.65482902584047609  0.66426826201026590  0.67359900262906935  0.68319710425959901
  0.69287596110343452  0.70344526454623324  0.71391357477537509  0.72441576341121938
  0.73476446972688669  0.74520767033912727  0.75504211665872023  0.76425003461334806
  0.77385034101477190  0.78404144262189346  0.79435221713637105  0.80426882866460914
  0.81406391207314543  0.82452491821842255  0.83549836378805942  0.84638317404293439
  0.85638724710237446  0.86551670451172313  0.87469193880386431  0.88387470827286718
  0.89280725689240292  0.90118165981533882  0.90951626442076294  0.91804968923186314
  0.92782382143623066  0.93819501542990835  0.94856240662142699  0.95894155248771262
  0.96939516857134678  0.97971893670351862  0.98999742456970607  1.00000000000000000
  0.01039390461292892  0.05562226586355293  0.08896985191323870  0.12038637019624424
  0.15087469151483240  0.17879927824147676  0.20281637307338590  0.22433386362377017
  0.24348011149386370  0.26164560213971871  0.27911964689327773  0.29557041199605644
  0.31070563310615062  0.32522335564032745  0.33900002992345007  0.35256448819672759
  0.36571257427533049  0.37856386513199969  0.39153221663166199  0.40377548238272404
  0.41489803314830354  0.42563984427423490  0.43666419603442469  0.44661811518431987
  0.45630659201697066  0.46605259032695845  0.47565953489451274  0.48454080432122015
  0.49251163877867349  0.50051861095003214  0.50869677895905241  0.51737624209770483
  0.52589485346023757  0.53429138410331900  0.54252212217091955  0.55094171453973639
  0.55907730069053707  0.56682311477555036  0.57448021503558999  0.58211643753040143
  0.58991244189895964  0.59783956499238078  0.60554748489311472  0.61296457777493929
  0.62003589346155830  0.62720029358005880  0.63454170930560816  0.64195152878012240
  0.64920365758329313  0.65613034576226537  0.66290781307861213  0.66980993376409981
  0.67687596607831124  0.68405248483465542  0.69108513386855863  0.69788170512378411
  0.70478247220765766  0.71146249970948217  0.71808363961932775  0.72449892127406912
  0.73073949148486161  0.73699140284973730  0.74338810398028399  0.74964132712686926
  0.75571663133122291  0.76176505546141438  0.76768061187807668  0.77396180092099731
  0.78069415883910265  0.78733896457931085  0.79411774909434507  0.80081691158935453
  0.80755325080336904  0.81406263592288197  0.82032357262902189  0.82639923249988101
  0.83242801760962215  0.83862842836865670  0.84480105107782821  0.85123624150408816
  0.85762198831285463  0.86384244251892406  0.87002536992575408  0.87602592762861642
  0.88223534963277239  0.88845577560891653  0.89460920213248440  0.90079159963940902
  0.90728474403065817  0.91445193266287972  0.92213905860707235  0.93099481727456512
  0.94085702156504936  0.95220216728109031  0.96696215108016914  1.00000000000000000
 -0.01683442905776264  0.10124518283272546  0.13702267760582104  0.15981238669073441
  0.17845943755359137  0.19389411567407638  0.20753279807543321  0.21960354460266834
  0.23168751659484146  0.24314121373482347  0.25347671082565881  0.26297311764652553
  0.27227954588870451  0.28091921128834613  0.28902285574435660  0.29687725685253608
  0.30458294533950059  0.31228907909173664  0.31973276713403370  0.32667607059565518
  0.33360517435336029  0.34130015160883981  0.34902436019611088  0.35672589453430398
  0.36400552285178855  0.37099484621785367  0.37763383001077477  0.38399983986882619
  0.39052184942478385  0.39738085029099685  0.40349354567276274  0.40941394632011424
  0.41537978034643996  0.42125782900156528  0.42736226390715060  0.43328454040307240
  0.43892472916669673  0.44431367971605201  0.44967311602902721  0.45505738231157938
  0.46039883728694875  0.46573218609421979  0.47103694585630718  0.47627021840007661
  0.48142456057038080  0.48652754511279617  0.49175857453650762  0.49702133356378880
  0.50240568843703948  0.50803478092188725  0.51344948530673862  0.51872592199559953
  0.52396543383240157  0.52946855323151187  0.53520667301295810  0.54127954810111367
  0.54775066732574962  0.55453253588082574  0.56146701416092626  0.56840403522826211
  0.57527080664371999  0.58166370827517055  0.58797054634612100  0.59428422959944505
  0.60062232572087393  0.60700991200498955  0.61349626066692586  0.61998725575919322
  0.62626051727745491  0.63220997794207001  0.63803032467281851  0.64407707775409051
  0.65079547902756529  0.65730946362564446  0.66382724454036657  0.67013678887045791
  0.67649331843886795  0.68303024733098394  0.68990091836453349  0.69739891197473369
  0.70470119177459933  0.71233558880116321  0.72027694795062891  0.72875259581094232
  0.73760888379540990  0.74690127868743839  0.75758952150807801  0.76967158900781552
  0.78190808649272736  0.79471715514182140  0.80822901278994319  0.82302755135423789
  0.83965793219265694  0.86076502367350682  0.89735133610126849  1.00000000000000000
   8.6312055823303504E-007  -1.0000000000000000     
 T F T T T T T F T T T T T T T T T T T T T T T T F T T T T T F T F F F F F F F F F F F F F F F F F F F F F F F F F F F F F F F F
  <DiscreteSampler_grid>
  grouped_processes
  1 # 1 for a reference and 2 for a running grid.
  10 # Attribute 'min_bin_probing_points' of the grid.
  1 # Attribute 'grid_mode' of the grid. 1=='default',2=='initialization'
  0.0000000000000000 # Attribute 'small_contrib_threshold' of the grid.
  0.5000000000000000 # Attribute 'damping_power' of the grid.
 # binID   n_entries weight   weight_sqr   abs_weight
    10   10   3.277543549007579E+004   1.594236707194894E+009   3.277543549007579E+004
  </DiscreteSampler_grid>
