  0.00957954021723196  0.01546126684375595  0.02459785402559636  0.03526172870528561
  0.04562971528732626  0.05596584298510696  0.06630346009900244  0.07659049442307765
  0.08692583699448796  0.09728622684021578  0.10765082881604708  0.11798584875889531
  0.12821196296437240  0.13857420598971995  0.14911759728624457  0.15975677922750256
  0.17031433466540696  0.18072191333523221  0.19103473000710483  0.20138115463891737
  0.21194599063610378  0.22288794391090055  0.23379167844270585  0.24458662612507745
  0.25500198453060913  0.26536792057053121  0.27569218632239545  0.28612503909973624
  0.29644604567319499  0.30666118444945628  0.31693933246764872  0.32727864810755342
  0.33764567832337056  0.34797372926905917  0.35856201101325874  0.36931636047318678
  0.38002280571463654  0.39059239899789044  0.40109229616973352  0.41153582312193920
  0.42195115944839595  0.43233960059676413  0.44273177950724507  0.45316547291222808
  0.46369474739862121  0.47427722942670625  0.48476445107932908  0.49514677075115843
  0.50552949214142040  0.51596528087867333  0.52641074096531060  0.53689762479893932
  0.54750534138771456  0.55822655857762360  0.56899540480416344  0.57970587000476304
  0.59027516418339543  0.60080062392464850  0.61138618127247335  0.62196648731487802
  0.63237505478381861  0.64253508028265138  0.65270305859107514  0.66280414362800733
  0.67299122432559488  0.68321123235019388  0.69355264023053431  0.70395117856623934
  0.71430670144313280  0.72465109536220640  0.73480808384613205  0.74485868273587574
  0.75494097227040069  0.76509062043086551  0.77522850842064239  0.78534719100194483
  0.79557247155078048  0.80603152898964658  0.81652344689661638  0.82693574897256539
  0.83723045266480201  0.84750338122672075  0.85773319001922688  0.86799736380951031
  0.87831911811407515  0.88870824900512657  0.89896237854524419  0.90907344276736490
  0.91929866399634397  0.92961968027005748  0.93992583620328785  0.95004720144856025
  0.96003728117487253  0.97023125956207734  0.98039305180243208  1.00000000000000000
  0.00000139960962600  0.00000144759992151  0.00000153341208713  0.00000162736224695
  0.00000172304055218  0.00000182285735008  0.00000192667124170  0.00000203536564532
  0.00000214619323500  0.00000227635628176  0.00000240540969785  0.00000254888760300
  0.00000270352734414  0.00000286425391642  0.00000303650440988  0.00000321866339274
  0.00000340945599925  0.00000361709927472  0.00000383249128203  0.00000405836162723
  0.00000430009710264  0.00000455013242261  0.00000481541510141  0.00000509790579250
  0.00000539250212022  0.00000570773994949  0.00000604190663317  0.00000638724724148
  0.00000675349745256  0.00000713490912032  0.00000752826876560  0.00000795907095157
  0.00000840427364999  0.00000886918653047  0.00000936495880563  0.00000988474306034
  0.00001042324744320  0.00001101847974884  0.00001161839424508  0.00001226702994395
  0.00001295403450548  0.00001367403695617  0.00001444349731551  0.00001526783049962
  0.00001612413269815  0.00001705384960558  0.00001805133734849  0.00001909736421179
  0.00002024088037730  0.00002146077415956  0.00002275753949351  0.00002417042517731
  0.00002566192360627  0.00002725419146975  0.00002899089613847  0.00003080557506984
  0.00003283082881450  0.00003500825277481  0.00003738649067620  0.00003996932188627
  0.00004275251969532  0.00004585055244424  0.00004918414207845  0.00005281761444822
  0.00005672804753786  0.00006101518974714  0.00006578617566301  0.00007086193023755
  0.00007647459194866  0.00008270051089736  0.00008966276578787  0.00009724653047375
  0.00010520177766492  0.00011409379232103  0.00012379180841796  0.00013480178559009
  0.00014635819450135  0.00015965666544781  0.00017361247746198  0.00018953519595128
  0.00020685826684781  0.00022839491460149  0.00025263083635795  0.00028033342372325
  0.00031116213461376  0.00034548001946986  0.00038508516158610  0.00043383006883085
  0.00049119874869312  0.00056363798486701  0.00065546610817843  0.00077900713872125
  0.00092752556957034  0.00119215156957340  0.00392679151929866  1.00000000000000000
 -0.00248421482519732  0.00951959968509987  0.01960394044315055  0.03017091344486626
  0.04067250747669709  0.05117534377466949  0.06158043924268013  0.07207396554082238
  0.08245055918330152  0.09297405364127577  0.10336746477395024  0.11384452901585568
  0.12437464715273289  0.13515854500453023  0.14591134560060984  0.15663387088316000
  0.16742568933397120  0.17819537151219147  0.18900217347860376  0.19974534376718731
  0.21055694881558670  0.22122482852405664  0.23187539147353178  0.24238371601536116
  0.25305368139008894  0.26358579700032769  0.27428410388274804  0.28488755110015695
  0.29555575461004591  0.30627733520967676  0.31712560483805324  0.32793823403590944
  0.33840351080744097  0.34876459880740751  0.35911884456301751  0.36957652180209649
  0.37988164817438075  0.39020657136897657  0.40061426928622634  0.41115253632385318
  0.42150722066058188  0.43197138661574513  0.44230910932953948  0.45296476529955121
  0.46346755842132598  0.47408579573446752  0.48471119758176323  0.49531293682562583
  0.50593274119859066  0.51648324741124663  0.52711580890560683  0.53771528417109782
  0.54832727257204283  0.55898788258090348  0.56962626504371427  0.58032432683725621
  0.59087870570275713  0.60149608788659081  0.61182145832659351  0.62217940331071575
  0.63257574275766060  0.64301329686294062  0.65344081108250662  0.66375179745536583
  0.67430989746118353  0.68511668752051491  0.69610064495967028  0.70695580627268839
  0.71765647931488696  0.72827680576610110  0.73855037325166151  0.74881541935855678
  0.75913244172187411  0.76949065861531218  0.77990056648126760  0.79015747084679555
  0.80069786182496172  0.81127381493080952  0.82202108884245806  0.83283783017268787
  0.84355899473195584  0.85421586971807084  0.86460106332479081  0.87518300748616817
  0.88554653619400991  0.89599468113523406  0.90645612394497332  0.91693923249875176
  0.92733850116074923  0.93773388517442335  0.94820313955428082  0.95876655141752387
  0.96910236292928198  0.97935724677539948  0.98964055750532332  1.00000000000000000
 -0.00254033611915945  0.00961916179454556  0.02003515444136144  0.03074948175219379
  0.04150567468567372  0.05212320178022346  0.06271070220249550  0.07324355157514009
  0.08369663624976284  0.09440072937689967  0.10510781669042711  0.11587091689591798
  0.12652477063711820  0.13715050883343410  0.14792708105452476  0.15846214357348062
  0.16891360185410934  0.17919349833570647  0.18944744290316165  0.19984924288890640
  0.21037570536476605  0.22110443649445868  0.23174799375143382  0.24222986558905862
  0.25263710887826951  0.26300065634723485  0.27357389877228672  0.28421221924972462
  0.29467104168156255  0.30484043778635428  0.31499399737276979  0.32525800019228618
  0.33562238290024726  0.34601934543071111  0.35636776494560068  0.36669529116194838
  0.37705964006397164  0.38779618645554575  0.39850978472232612  0.40905791033461425
  0.41955547302926599  0.43009016131221217  0.44067773587888998  0.45115930965912077
  0.46158565837237142  0.47201555237315934  0.48263103831918613  0.49336559060607033
  0.50422831911051658  0.51486601393667908  0.52533222504737298  0.53599249541410332
  0.54665489584904470  0.55727711323398799  0.56767381211762935  0.57832561510611802
  0.58915446046315878  0.60000493351379292  0.61083599848560455  0.62157446106888459
  0.63202977252458914  0.64240333875646161  0.65278991024745592  0.66342221996571527
  0.67392043747685693  0.68458885345431508  0.69520438279917252  0.70584347675740622
  0.71633908499454368  0.72679254445842612  0.73723176987950922  0.74755969532013000
  0.75789405055752546  0.76829612863065622  0.77894662142663040  0.78964953112965874
  0.80029877942229599  0.81082357149824302  0.82133404010871203  0.83173280547576445
  0.84194411797171520  0.85211814060826474  0.86249208630470320  0.87313720952244345
  0.88378337364971471  0.89433429417660282  0.90486632282313018  0.91549881804312172
  0.92606066434159506  0.93658627652079551  0.94713468751343399  0.95767224158278974
  0.96821888379011656  0.97867100838044341  0.98929102215454334  1.00000000000000000
 -0.00219154530541192  0.00942354499605212  0.01921462170686532  0.02974303229043063
  0.04034339559869420  0.05129436801448473  0.06220487976666801  0.07349337474427420
  0.08459249837076055  0.09554964725890659  0.10640970650272155  0.11715013754108702
  0.12782548752237946  0.13838596151450144  0.14910545671764561  0.15990648240147812
  0.17058555924397820  0.18114272145484833  0.19165226105127520  0.20229191589265000
  0.21280124654320204  0.22326363211885780  0.23377701146520036  0.24431873936374832
  0.25483786527248864  0.26528814729020717  0.27581500797551484  0.28640505594271071
  0.29692099421649915  0.30746986388478065  0.31793003394460595  0.32832762270005122
  0.33875828475883640  0.34923134925321364  0.35969163430630557  0.36998175203625067
  0.38043325157629271  0.39093956090125465  0.40158998605151508  0.41221732050364496
  0.42286058026822448  0.43363573521000615  0.44416026012879550  0.45476071620324560
  0.46519610635669562  0.47560495236925121  0.48579737919678950  0.49600271041000082
  0.50623084982648192  0.51643283637096438  0.52677286211163066  0.53698648202202948
  0.54736476233225406  0.55789428796335883  0.56850909649925296  0.57899533341274634
  0.58922666006630675  0.59953829763922850  0.61006978602533712  0.62055261998673472
  0.63109881938383117  0.64153182772350703  0.65211384103827597  0.66270222789768751
  0.67320840689347428  0.68371520740701919  0.69414375068729095  0.70452809755205770
  0.71489356649079205  0.72511315344563854  0.73557218454549711  0.74595865220799129
  0.75662535528375019  0.76722940317063881  0.77810206102570079  0.78892113842193989
  0.79962575828878402  0.81034339978538750  0.82100525157691429  0.83180174621399761
  0.84235485526843434  0.85312645041747259  0.86375641012292537  0.87421555555436592
  0.88446479108140386  0.89467373418155249  0.90516289114999537  0.91571420139163584
  0.92627270395118966  0.93687812858207731  0.94735664790182295  0.95777644655559624
  0.96833518845510957  0.97885430989756383  0.98945816765528660  1.00000000000000000
  0.01384086693723211  0.01737542403841137  0.02310256338378132  0.03119570294821776
  0.03881320276155378  0.04637448010504908  0.05378539935871151  0.06131412459169421
  0.06886470592114384  0.07643015174972385  0.08416675452708432  0.09208853049401280
  0.10018257367675144  0.10849787712465937  0.11705553640531781  0.12582802692051615
  0.13478486248574550  0.14380435977825262  0.15271064411869878  0.16156999398912819
  0.17057285368866021  0.17965474045835539  0.18890626510986833  0.19820868623009108
  0.20772384116190606  0.21744415458884861  0.22724612954196932  0.23727473557890291
  0.24742496447755169  0.25737080456479444  0.26736217605280543  0.27745751961556714
  0.28776379655708945  0.29827988755263302  0.30874657617667395  0.31955469457612096
  0.33006343206372901  0.34088204005089423  0.35170515916985201  0.36273395626832383
  0.37380114048153601  0.38499175460953139  0.39600591523981521  0.40711648778792336
  0.41813166384749267  0.42918516289584524  0.44020538144562293  0.45144676329975691
  0.46279475675707210  0.47431289503120799  0.48592612776545652  0.49778058955231858
  0.50950823907101372  0.52141353732215301  0.53344937900949385  0.54554444994070561
  0.55754152036364124  0.56931739054180841  0.58088031283818398  0.59251640606440159
  0.60424872481270209  0.61593050660304305  0.62740511498780993  0.63880408402216005
  0.65024966487518898  0.66191034386076475  0.67374943193031633  0.68561561869261289
  0.69726117050671910  0.70876254227100843  0.72019820443326998  0.73157919660507842
  0.74297860809758265  0.75448552902099630  0.76610510268301357  0.77766741173395426
  0.78907536636533437  0.80032238880041207  0.81149835057892927  0.82256063536263124
  0.83350544671562710  0.84438692197474208  0.85533979792134562  0.86631612875617270
  0.87716562476615068  0.88792373203161046  0.89863473083179046  0.90923610306309710
  0.91966891591842836  0.93004389254538988  0.94049202351589101  0.95095488473381229
  0.96164451341836699  0.97277391880752651  0.98546003722898023  1.00000000000000000
 -0.01708113535960097  0.09898282180924155  0.13358681670479966  0.15525714207135874
  0.17320917089658647  0.18856597017027724  0.20228554777398428  0.21482650256255664
  0.22647870809811035  0.23734749845155714  0.24757451087916235  0.25726125806308814
  0.26652893663233412  0.27544085574796218  0.28397683639328236  0.29222672842500669
  0.30016131667190082  0.30796312442599416  0.31559373399331148  0.32298352727580920
  0.33026338781010195  0.33735872149339347  0.34434754287884650  0.35123779260007337
  0.35799090515840631  0.36463435507605774  0.37119361340106810  0.37765629840237908
  0.38402076519802580  0.39032496504163533  0.39660377912385386  0.40282937038458194
  0.40899540804314288  0.41511260658211396  0.42105754617998731  0.42696727740577661
  0.43283781994582671  0.43870075692748423  0.44455722478793380  0.45043144393510604
  0.45627239450847812  0.46209085495669489  0.46789114737535770  0.47366809193620479
  0.47943569749100168  0.48518821195750028  0.49093848460123013  0.49666056885401799
  0.50238809424304598  0.50811878787715414  0.51384523833247386  0.51956035249754462
  0.52527180351920832  0.53098735734406466  0.53671630347094934  0.54247395159729672
  0.54826587511866920  0.55408372538362127  0.55992781986621054  0.56580907649003220
  0.57172450073707337  0.57766890335949617  0.58363564232327481  0.58972447432176323
  0.59584864125842496  0.60202734513345713  0.60829079873366676  0.61458535081187593
  0.62091939661975182  0.62734557623176779  0.63388657900170553  0.64052597252023546
  0.64726499890686051  0.65413809773660647  0.66110920097626535  0.66816426495205039
  0.67546613140782785  0.68290275308687343  0.69052468182892279  0.69835650726671661
  0.70630787115729443  0.71462556923426912  0.72323159036925333  0.73215894690179939
  0.74148312868968802  0.75123654181477195  0.76156228369291978  0.77244768238156913
  0.78406550878431558  0.79659916487938198  0.81031882272636180  0.82552948441893470
  0.84322920343699570  0.86505256460509639  0.89992150173022312  1.00000000000000000
   3.1257748419228551E-005  -1.0000000000000000     
 T F T T T T T F T T T T T T T T T T T T T T T T F T T T T T F T F F F F F F F F F F F F F F F F F F F F F F F F F F F F F F F F
  <DiscreteSampler_grid>
  grouped_processes
  1 # 1 for a reference and 2 for a running grid.
  10 # Attribute 'min_bin_probing_points' of the grid.
  1 # Attribute 'grid_mode' of the grid. 1=='default',2=='initialization'
  0.0000000000000000 # Attribute 'small_contrib_threshold' of the grid.
  0.5000000000000000 # Attribute 'damping_power' of the grid.
 # binID   n_entries weight   weight_sqr   abs_weight
    10   10   5.094155068255971E+007   2.412718393540173E+016   5.094155068255971E+007
  </DiscreteSampler_grid>
