  0.00969927718155861  0.01511610469744384  0.02398514997757110  0.03457224011673368
  0.04486270875955511  0.05533504595533031  0.06589069798366803  0.07654133996727044
  0.08726091016421157  0.09785273808571235  0.10830559730356432  0.11843778762386574
  0.12871410641162576  0.13906806317713208  0.14944288378782117  0.16001898684110624
  0.17058903251504359  0.18111485381891429  0.19167385546962498  0.20203383706152045
  0.21228296884272052  0.22248686822535296  0.23278788821853721  0.24339695476233492
  0.25412958576555933  0.26526223497433149  0.27614888148378336  0.28673297852940133
  0.29708254427719027  0.30743040805652488  0.31769889256202255  0.32812390985253037
  0.33883754697387608  0.34962687991822294  0.36010087210362818  0.37053376385986742
  0.38112358846173405  0.39198182676390070  0.40285999098623976  0.41353778206777647
  0.42408106984131222  0.43461925221462072  0.44508803520868240  0.45559182257584396
  0.46616304872273889  0.47670374944649324  0.48703037179744074  0.49729474580684224
  0.50783462678714386  0.51859699917428315  0.52931568734147860  0.53993469499242930
  0.55061899899819178  0.56127265550403449  0.57156022932434358  0.58155417477494897
  0.59149882662650299  0.60148519821136837  0.61150602591540970  0.62152049059115078
  0.63159521956341580  0.64169201898737804  0.65167631509226853  0.66164034507115910
  0.67168777389574275  0.68186504813656845  0.69216779523214289  0.70263793345861736
  0.71299957711859141  0.72336449898216659  0.73368724268363472  0.74404144855060961
  0.75416737584889504  0.76424972199990804  0.77450619203431914  0.78503981830559533
  0.79559849568869057  0.80586881266325650  0.81615502920339011  0.82642925130227773
  0.83670217261887581  0.84683141414744256  0.85716614399029334  0.86756476687761142
  0.87777469226509941  0.88792214883173504  0.89817997235876301  0.90855128248211225
  0.91862719582131791  0.92866006275307911  0.93864399153355582  0.94881402558503947
  0.95908673392800148  0.96964782037782826  0.98026138021181430  1.00000000000000000
  0.00000140515587997  0.00000148309134770  0.00000156300928050  0.00000165667644509
  0.00000174797120998  0.00000183762911949  0.00000193929229360  0.00000204405537232
  0.00000215824371699  0.00000228206320675  0.00000241106071447  0.00000254434302212
  0.00000269444296280  0.00000284462952476  0.00000301336532025  0.00000319377283012
  0.00000338372857201  0.00000359068196520  0.00000380682863410  0.00000403129060820
  0.00000426612919215  0.00000450823813756  0.00000476242517315  0.00000503087372414
  0.00000531111588360  0.00000560844992131  0.00000592459988375  0.00000624877908386
  0.00000659133774384  0.00000696085955307  0.00000733017554776  0.00000771934298458
  0.00000812989715266  0.00000855758602305  0.00000901154504876  0.00000950765793885
  0.00001001438855289  0.00001055710571826  0.00001114817598938  0.00001173390062678
  0.00001237912575028  0.00001306581141512  0.00001377737151356  0.00001453037894661
  0.00001534874575111  0.00001618021468298  0.00001712399362117  0.00001811716598960
  0.00001916103468945  0.00002028452251280  0.00002147861306408  0.00002274599557528
  0.00002413849415800  0.00002559079972794  0.00002716675250696  0.00002887252707264
  0.00003067928828839  0.00003263366504893  0.00003468656256879  0.00003686948489295
  0.00003923597930419  0.00004174332483271  0.00004448742160320  0.00004743152435613
  0.00005068665815019  0.00005429703054395  0.00005821041020733  0.00006243615276239
  0.00006692903703521  0.00007175812335651  0.00007698821795568  0.00008281937962091
  0.00008932359074094  0.00009642213420683  0.00010410111588029  0.00011261332867974
  0.00012239014771702  0.00013325872695519  0.00014504378539729  0.00015795372163027
  0.00017203977812785  0.00018746041311682  0.00020411745345541  0.00022306362669227
  0.00024372286350926  0.00026760403474580  0.00029314514588154  0.00032278980998195
  0.00035909982396507  0.00040500723399929  0.00045778382423522  0.00051940462408345
  0.00060031563532034  0.00070263992330375  0.00118554923902121  1.00000000000000000
 -0.00237547985476755  0.00931329076130072  0.01880872582688764  0.02886991853460604
  0.03900586463107825  0.04928067905670224  0.05956715946524358  0.07017806220746184
  0.08111172107553603  0.09182671213678896  0.10246820855394376  0.11302894620756704
  0.12402315268023242  0.13487785459859988  0.14574908871110756  0.15635781853377281
  0.16681586259551084  0.17714808695823900  0.18768426901754817  0.19852757280392200
  0.20912441079643604  0.21941114071157253  0.22964648420179237  0.24036183045545045
  0.25106953928951981  0.26139430292231003  0.27187036752572069  0.28280158796843019
  0.29358140397119548  0.30394207149322772  0.31423841922390644  0.32454762058400233
  0.33498816316515906  0.34531426020833528  0.35606432387393944  0.36673498132645543
  0.37744676285923434  0.38813595476714785  0.39869301631503801  0.40893697575926208
  0.41904165594711718  0.42901372213543215  0.43917234443112863  0.44952906825542766
  0.45999134435627892  0.47041176008025065  0.48068092201654172  0.49108508186474126
  0.50146370760431924  0.51171879356601879  0.52214586074156510  0.53269305791574850
  0.54339358291571360  0.55381220777999018  0.56430495849217899  0.57463147831820049
  0.58505276471382284  0.59506043165792111  0.60522336878019001  0.61570533077596645
  0.62626269032870985  0.63690088869624872  0.64748084506905124  0.65850108599094814
  0.66959208876678589  0.68029733354083055  0.69088709779578505  0.70119494876241983
  0.71158722974492195  0.72197954358364969  0.73255020037920537  0.74312069001020964
  0.75384186574610279  0.76433819472823616  0.77476650973553052  0.78483891960263208
  0.79520645221529129  0.80598627025714009  0.81699107633974000  0.82808223050402052
  0.83910607672323068  0.84997850683960829  0.86063178840890942  0.87174635263512656
  0.88259231089990642  0.89353759170770330  0.90396503833226083  0.91432033691535208
  0.92467569845027708  0.93512282603184727  0.94606544088376954  0.95687590712327975
  0.96734056518072464  0.97796757394430334  0.98865633776899786  1.00000000000000000
 -0.00201885876182681  0.00962155530755394  0.01933781976616024  0.02955831635707722
  0.03984929674800539  0.05012760558864932  0.06061401148570800  0.07135919747140289
  0.08265873644863266  0.09327548535176894  0.10417702242544304  0.11470704893903538
  0.12543550706068962  0.13589061300728558  0.14635469125223255  0.15677711136874395
  0.16726543841705868  0.17797995028731892  0.18859795383060415  0.19947710618872669
  0.21042369181451420  0.22122194653435612  0.23227076685467082  0.24286760499344237
  0.25349352742697751  0.26367424179411475  0.27414062462312000  0.28459408273750497
  0.29519191549935936  0.30581115399598341  0.31644347706877718  0.32692399659399840
  0.33731035327240760  0.34782233225710546  0.35831178050791435  0.36895552655933700
  0.37975433932095298  0.39060510302359502  0.40110206729275910  0.41135428205017888
  0.42175313970415851  0.43228686739258398  0.44274227676037942  0.45302817407149315
  0.46333287756486219  0.47370331097913532  0.48428907677533811  0.49477394583008688
  0.50520080189963135  0.51573723718595521  0.52644146396800118  0.53704838207150429
  0.54738243586077828  0.55780712561533308  0.56828969169670529  0.57888767320017442
  0.58937834595786631  0.59978351430548116  0.60998960743336339  0.62005018552498659
  0.63026914241209986  0.64058290006366103  0.65089645742198088  0.66141788150394265
  0.67203121949339995  0.68286456479168844  0.69338971876440969  0.70400315398499014
  0.71464559126000482  0.72545428345189955  0.73606974741736197  0.74672426101552336
  0.75698319111050860  0.76743349720615262  0.77766449970177742  0.78796286864979759
  0.79832567665513932  0.80877030947798312  0.81961953634017826  0.83057669446345439
  0.84139674441994872  0.85248519981798043  0.86296745097178196  0.87354018398839117
  0.88415912367094440  0.89479904882051586  0.90547568131232958  0.91604537144032361
  0.92687488311533306  0.93783289895893118  0.94825211293661982  0.95891994327861929
  0.96913319603756642  0.97947993608578110  0.98972688855071100  1.00000000000000000
 -0.00227101873929994  0.01004379484363083  0.02012340542557514  0.03057295180856708
  0.04092024723298007  0.05150905431239437  0.06214806040117542  0.07300268144987787
  0.08400814501090659  0.09466141039626576  0.10557389357307334  0.11638199201707142
  0.12731564246400087  0.13774297859222212  0.14810800627300846  0.15847063756339236
  0.16880093612560568  0.17908726998658409  0.18939090662956212  0.19965284171047848
  0.20989843317901161  0.22020474784656774  0.23059867537376322  0.24081106605917713
  0.25119363823557683  0.26175475927903641  0.27245064506987771  0.28313390171195763
  0.29377621668485565  0.30427377730128669  0.31493628536668355  0.32560977084806980
  0.33640430697239271  0.34690235621902277  0.35751493887930819  0.36816620979696063
  0.37877757109458871  0.38934552778462594  0.39977698264554079  0.41011219433644819
  0.42032866848049694  0.43069598489117322  0.44106154772198924  0.45145092419988020
  0.46188631960035287  0.47229781415774613  0.48282193393921435  0.49311939377307007
  0.50344042204403461  0.51381214156914867  0.52431024393108461  0.53484367832214308
  0.54533752353071385  0.55605513564471976  0.56698086357222677  0.57792297597412756
  0.58864170052375864  0.59906595695766340  0.60929914530625673  0.61950121376967804
  0.62994699310860269  0.64084267286974184  0.65175068822063220  0.66274390954996687
  0.67379035182840374  0.68494893787456501  0.69571317094738805  0.70648380933872967
  0.71676093744698677  0.72732012045857486  0.73791845686941793  0.74889908739699840
  0.75905045227617896  0.76915143500483762  0.77923417646169657  0.78947888504576125
  0.79958193565900848  0.80951490770029422  0.81942030030041890  0.82959715020862512
  0.83984993964871224  0.85018046793530833  0.86057681854016177  0.87127875092158802
  0.88226720790826496  0.89320995645599321  0.90398899010716371  0.91463615849236546
  0.92531040570463119  0.93596764790371711  0.94639947851800066  0.95694172644523157
  0.96756686497094735  0.97855033163459648  0.98924909381694448  1.00000000000000000
  0.01506290583083297  0.01860134335360958  0.02408739596850780  0.03155551888886246
  0.03899733276129413  0.04649168235319894  0.05409181088994465  0.06164130117065111
  0.06923358134112573  0.07687319922972377  0.08479960205601317  0.09302632458082152
  0.10143989184333629  0.11002287355800450  0.11858019303603430  0.12705001014971601
  0.13561549238534279  0.14428121722645604  0.15295553497223771  0.16150817133040893
  0.17010439902285124  0.17899296102839135  0.18807195420021314  0.19732876301723287
  0.20673286696332421  0.21616146075744766  0.22570049186359181  0.23526494813610468
  0.24486472279406599  0.25460629892741804  0.26440739171502692  0.27428220423283506
  0.28441388041179000  0.29479236193618724  0.30553791099940114  0.31654672919814580
  0.32768513134561661  0.33871068492948841  0.34979187696967007  0.36080841240018635
  0.37179984564358259  0.38262074669040408  0.39357487095268251  0.40466245464143352
  0.41582352706623915  0.42699301844574766  0.43834524973896605  0.45003877538815557
  0.46186814150504274  0.47382060923546659  0.48568693758921394  0.49752798384536701
  0.50932392597776677  0.52103355439454724  0.53265310254064435  0.54436879713000619
  0.55615671806434519  0.56792998819481744  0.57941078534799006  0.59083066836013798
  0.60218949073832106  0.61345417693891258  0.62476876551514582  0.63632039974630694
  0.64790209710599389  0.65933589617508592  0.67081381282361596  0.68241062028378285
  0.69398247846090544  0.70551492405085769  0.71721770476061508  0.72907663881107765
  0.74084613190588600  0.75253786801206268  0.76410530759442530  0.77550107491942100
  0.78657094510945957  0.79745258835771105  0.80831253600802799  0.81914148136687870
  0.83006480093073931  0.84114809818873015  0.85233539412226555  0.86340656363011203
  0.87438956421929437  0.88533278417728400  0.89619241165324004  0.90685914066115747
  0.91741660984180839  0.92790772071787186  0.93845114859610868  0.94917096482659924
  0.96024610489115803  0.97182873386601265  0.98482140514171401  1.00000000000000000
 -0.01737472729407657  0.10130827769192675  0.13623312460248987  0.15790978495825811
  0.17543715398709767  0.19045715209813174  0.20404501933140243  0.21650670833220359
  0.22799470842102623  0.23861762297397843  0.24863688531550185  0.25826687375914459
  0.26745479142331585  0.27631522848592555  0.28476833313225836  0.29311600105056018
  0.30119238714673358  0.30914902859384918  0.31685422623759513  0.32433098896643753
  0.33165841608351782  0.33872955103903463  0.34566414322437367  0.35254059033124463
  0.35927574344459640  0.36592164953438633  0.37247572915505339  0.37889802394787903
  0.38521441526312622  0.39146932533285445  0.39768988558752794  0.40389478362564130
  0.41007529018049094  0.41621342819930246  0.42219507908015413  0.42811704657409771
  0.43397761689220182  0.43982570049202457  0.44565052472285699  0.45150036198978633
  0.45736866630083550  0.46314523311049094  0.46882627804167792  0.47445134891554797
  0.48007031000216849  0.48573235319318031  0.49142891476808931  0.49717586210157277
  0.50296627392845106  0.50877756798667950  0.51452542122212319  0.52029399965564571
  0.52608195642763589  0.53187003082047080  0.53768009661588412  0.54351240033829895
  0.54935909295973984  0.55521025511155198  0.56105890134299963  0.56692605899545367
  0.57285403390351985  0.57885209324391851  0.58488725401328689  0.59096314918556458
  0.59692310497862322  0.60299786434684044  0.60914476550262620  0.61541275551164520
  0.62175729797688761  0.62820451395753985  0.63472315530337176  0.64130561083707405
  0.64800105948440223  0.65488515018847437  0.66190721870580393  0.66906502716400984
  0.67642358909047362  0.68389185277894626  0.69157368645565576  0.69951022844293131
  0.70761741611277085  0.71607071181924875  0.72475818254776447  0.73377098989626266
  0.74310393651445827  0.75281918955170302  0.76303768592325460  0.77383155626982902
  0.78535459310735456  0.79769349838688774  0.81114567549863281  0.82641474326399766
  0.84409062080328945  0.86609788201245363  0.90153621014726815  1.00000000000000000
   1.1288579670707932E-004  -1.0000000000000000     
 T F T T T T T F T T T T T T T T T T T T T T T T F T T T T T F T F F F F F F F F F F F F F F F F F F F F F F F F F F F F F F F F
  <DiscreteSampler_grid>
  grouped_processes
  1 # 1 for a reference and 2 for a running grid.
  10 # Attribute 'min_bin_probing_points' of the grid.
  1 # Attribute 'grid_mode' of the grid. 1=='default',2=='initialization'
  0.0000000000000000 # Attribute 'small_contrib_threshold' of the grid.
  0.5000000000000000 # Attribute 'damping_power' of the grid.
 # binID   n_entries weight   weight_sqr   abs_weight
    10   10   8.964828414729796E+006   1.952157787386858E+014   8.964828414729796E+006
  </DiscreteSampler_grid>
