  0.00959646040868667  0.01577216907061374  0.02522206020545737  0.03609040883750878
  0.04657778876965747  0.05685601956136175  0.06723369835772924  0.07749734713585903
  0.08806427132434720  0.09860903657860455  0.10909129039347992  0.11935894990765789
  0.12948931647168754  0.13981716404395869  0.15018579079991701  0.16062163315415320
  0.17092605817351281  0.18120351281223579  0.19150721782412486  0.20205139971642500
  0.21247921180222393  0.22281641696023105  0.23299460823220097  0.24310040495338708
  0.25309511438107130  0.26308793659595031  0.27323162298674125  0.28345685252875152
  0.29371826911260768  0.30390852946110752  0.31400104712772603  0.32399654168530934
  0.33391534472564305  0.34387644570249398  0.35408185239373935  0.36455945863274486
  0.37516343421533682  0.38552925587799858  0.39579597773290159  0.40604006664998610
  0.41631395981400005  0.42664936783252899  0.43716644687149797  0.44792553818738839
  0.45866980879301528  0.46912462586464915  0.47935203152683559  0.48953662210911297
  0.49966063172159786  0.50976450118393379  0.51984832583640850  0.53016557876540049
  0.54073742991763907  0.55160726559247142  0.56263010803369973  0.57375177186459814
  0.58482648888139621  0.59569269334956076  0.60636243452913186  0.61686814773461762
  0.62721231984387471  0.63734816577626219  0.64766710536740535  0.65817803098210037
  0.66865307173339061  0.67893100313969856  0.68915186203893442  0.69957823782800976
  0.71012220258114500  0.72060096447491651  0.73097562017085926  0.74128097078734179
  0.75167361195164428  0.76222516204676272  0.77281788805285823  0.78329514907012110
  0.79357150016997424  0.80373418378322370  0.81398484287167683  0.82447117136334624
  0.83515348705663028  0.84595395855709143  0.85670538940188590  0.86732687092787475
  0.87787297945806808  0.88802352684866215  0.89818072195477650  0.90826866330300349
  0.91845134449142873  0.92871610837874197  0.93903366796637622  0.94956792636196541
  0.96012194544277474  0.97025609213614583  0.98054297619128539  1.00000000000000000
  0.00000134798372803  0.00000139973356632  0.00000146786864694  0.00000154460779741
  0.00000162948624131  0.00000172187204711  0.00000181928757701  0.00000192883870829
  0.00000204488234913  0.00000217206880698  0.00000231152267091  0.00000246142928379
  0.00000262674037870  0.00000280544826272  0.00000299780762738  0.00000320779245768
  0.00000343574114496  0.00000368581638638  0.00000395827095957  0.00000425057661636
  0.00000456150201420  0.00000488945503390  0.00000525111329067  0.00000563093743540
  0.00000606598070999  0.00000651836363823  0.00000703369583062  0.00000755809962127
  0.00000814579936522  0.00000875048749068  0.00000945385048369  0.00001019678527459
  0.00001103838090307  0.00001193358413999  0.00001291792763695  0.00001396909979832
  0.00001510661493174  0.00001633662423890  0.00001767054030803  0.00001912402104496
  0.00002070215930316  0.00002244610246497  0.00002435809106876  0.00002643305023528
  0.00002867027840852  0.00003107478355367  0.00003372835330497  0.00003654512708864
  0.00003957813067561  0.00004285252121036  0.00004642680172542  0.00005030198693160
  0.00005454139915258  0.00005919552695496  0.00006424116258445  0.00006963504632832
  0.00007536755457317  0.00008158367489573  0.00008834703251900  0.00009563395853832
  0.00010356554998250  0.00011196765895112  0.00012094052031214  0.00013041349166920
  0.00014085892244703  0.00015232887419672  0.00016504665280472  0.00017873403214960
  0.00019355736343868  0.00020912275203039  0.00022566208539922  0.00024335301053629
  0.00026292148557066  0.00028410849601632  0.00030792968648976  0.00033493419919712
  0.00036547071074066  0.00039851598150523  0.00043384724464887  0.00047349738774844
  0.00051766870781610  0.00056713102219996  0.00061997692440971  0.00067772602493860
  0.00073755712782599  0.00079922703633808  0.00086742337551168  0.00094730876486598
  0.00105331728324972  0.00117712869841447  0.00133335614029757  0.00148267233338437
  0.00161196602753101  0.00182482340706732  0.00203344915792741  1.00000000000000000
 -0.00253222549209557  0.00949680507845758  0.01970384993065136  0.02994546763355695
  0.04015311103060750  0.05063794633571719  0.06130046923069855  0.07187666960668236
  0.08234932446606963  0.09264340188624849  0.10282496162887239  0.11287028904350714
  0.12307272636562012  0.13330647000173601  0.14337186383225245  0.15344305146441684
  0.16367091877666590  0.17407569370399120  0.18463620017061425  0.19523537223627851
  0.20587627659364807  0.21654976848151103  0.22693236675048115  0.23733092707565420
  0.24780513223384920  0.25860579862465760  0.26929552060471845  0.27996962620573657
  0.29028232476857058  0.30068978615010622  0.31092237939024264  0.32141632307183443
  0.33187627313194162  0.34234256889281289  0.35274868656875574  0.36322798887808205
  0.37389848722464514  0.38438584674715609  0.39485460776726466  0.40527962943895290
  0.41571430545691468  0.42606519682577543  0.43655875241701458  0.44723157209055620
  0.45795042632864247  0.46857895524517590  0.47932487881466851  0.49000994949407689
  0.50083025639340129  0.51198385321134710  0.52300070922337394  0.53372755492456636
  0.54446082556152331  0.55498500787458704  0.56537639153571728  0.57554357997606109
  0.58609765075996545  0.59697809261015389  0.60753107742057333  0.61788720744482539
  0.62847218038553720  0.63894870155030548  0.64950289082191293  0.65973540607751369
  0.67025219506792788  0.68104459457948463  0.69195729010869311  0.70264619306474851
  0.71300368445675333  0.72318336630906765  0.73371334175883418  0.74453291537035615
  0.75537921342656977  0.76617886338600072  0.77678685420663640  0.78747530985505265
  0.79795344714666760  0.80847342972513625  0.81882298867219050  0.82936920002906400
  0.84011120322438659  0.85112861346172941  0.86204035525758760  0.87268169173961507
  0.88334140907542902  0.89398500334193864  0.90447814921013159  0.91496848441331258
  0.92566919407658144  0.93620683852906783  0.94653892593728051  0.95697849651451916
  0.96786176196324181  0.97891657288462319  0.98950629996242956  1.00000000000000000
 -0.00250438673313961  0.00995368469510252  0.02014973329717773  0.03120581508694147
  0.04194365907951518  0.05299263592184136  0.06395077518959770  0.07517568144219193
  0.08625479225940008  0.09682593297222430  0.10733037704164339  0.11768282649410047
  0.12816145493377351  0.13796122142266587  0.14786806804805366  0.15798317846027699
  0.16857493408251045  0.17954221801105982  0.19046852270118908  0.20140026576370484
  0.21219115227475893  0.22285406979428418  0.23344207203667894  0.24396223043090448
  0.25454184088444581  0.26502310099146398  0.27524525412699324  0.28538953056975902
  0.29550075059119857  0.30581431574355611  0.31617244874041778  0.32670866889664046
  0.33722724119472791  0.34774737263291300  0.35836801640569627  0.36907253649081057
  0.37986609903780416  0.39076064895029217  0.40166576259449038  0.41267554483515018
  0.42350871872734930  0.43424483865323732  0.44470335213805684  0.45501843662009323
  0.46524045282977528  0.47569183390118869  0.48636962835541403  0.49694854152376544
  0.50715382254411778  0.51735523977433528  0.52787004258081716  0.53858073936397977
  0.54888322290373903  0.55885538902497245  0.56876503383266930  0.57876655290966328
  0.58873987822897278  0.59870908712456850  0.60886196195333875  0.61925540344105745
  0.62978405229593692  0.64029501258731225  0.65098686087670066  0.66187266385600374
  0.67295368148962720  0.68412679553720157  0.69517119488021240  0.70621466652213838
  0.71698023347157425  0.72772437978129911  0.73827481945667162  0.74874996053644738
  0.75911602533611011  0.76960312778946804  0.78005678116652999  0.79055805867347950
  0.80098505493516614  0.81129649519858971  0.82179974727143257  0.83229186907209074
  0.84290757313749576  0.85366991916651813  0.86430472729122165  0.87478826274544996
  0.88502667194313889  0.89531801146163481  0.90574687461230652  0.91623356434643921
  0.92667012578175745  0.93691292742596410  0.94716449058424534  0.95753059061293577
  0.96823897185161401  0.97883021901883716  0.98933448939924784  1.00000000000000000
 -0.00248997523401346  0.01013022651716873  0.02035614684533692  0.03081057092845640
  0.04117370632806302  0.05180243738965444  0.06231407592295504  0.07277405696669074
  0.08318710158712082  0.09373926111914527  0.10438673592130594  0.11500442891005146
  0.12572621137924292  0.13635037644452427  0.14678804401104911  0.15706123185068604
  0.16736144509585715  0.17760305807805438  0.18793813602440707  0.19855545188933574
  0.20914530583811061  0.21948574831726334  0.22982347517317714  0.24022419066652775
  0.25063807415326256  0.26098051557262436  0.27134877291966708  0.28185721347319925
  0.29237922485574869  0.30286675257086482  0.31342913932639616  0.32404499728424513
  0.33476608505121114  0.34530200899764618  0.35575827041398372  0.36595388149847968
  0.37611912299529543  0.38632916136038098  0.39683200985551881  0.40714408309019023
  0.41740027933329921  0.42768805812184280  0.43810375757690495  0.44880670611632667
  0.45949839785003399  0.47045058633891057  0.48117889845175493  0.49186630271719384
  0.50261645712291914  0.51292683813107098  0.52327065101371828  0.53349988876107313
  0.54393333833369628  0.55469406685844436  0.56527329350345601  0.57589395318294889
  0.58621324864347257  0.59678533229228758  0.60722501318786848  0.61775116817591791
  0.62838684644611587  0.63956981109349120  0.65070572472600507  0.66135582762157541
  0.67172873063230121  0.68204235632647670  0.69248579196630600  0.70288736589483913
  0.71339591908828526  0.72424194197931580  0.73507239398595070  0.74594849505236949
  0.75657341402843714  0.76753962463484071  0.77805934970816426  0.78868945228890552
  0.79940703446331940  0.81007160239143727  0.82043533583755679  0.83077932964318379
  0.84140509599268620  0.85225151677749855  0.86288150771892447  0.87347469107521702
  0.88409298609645881  0.89440960062639241  0.90504540605346029  0.91559328257962880
  0.92654454601535152  0.93736451750085070  0.94818047446122777  0.95906962881143265
  0.96932188179891454  0.97969348812298851  0.98981046766262548  1.00000000000000000
  0.01281576017744787  0.02646327372570259  0.04597776698160552  0.06569237951226756
  0.08517519733264345  0.10412656854468251  0.12243743237616293  0.14027245670470367
  0.15803383057456977  0.17568515228805007  0.19291845786733314  0.20927044227961586
  0.22518605132397637  0.24080186158443570  0.25660696579379344  0.27244675727593176
  0.28792817862411169  0.30279218093462695  0.31713685999853231  0.33130907094299394
  0.34560151696966618  0.35999715104437929  0.37427502667744128  0.38798684603030226
  0.40129546648393194  0.41450102675287048  0.42762129730370330  0.44072845777283071
  0.45377441954210118  0.46662547591208819  0.47923377527958300  0.49145611192161598
  0.50355335926166955  0.51560385393950392  0.52751967747875017  0.53915622454585865
  0.55056194678940129  0.56166880265244723  0.57268017962133733  0.58334573980937476
  0.59393609284262816  0.60437940600712381  0.61504081133514643  0.62560769707795605
  0.63611283285242437  0.64653537847285469  0.65685343662637841  0.66714071695291910
  0.67701237577627749  0.68686594612694762  0.69622417253929791  0.70550069879655131
  0.71455493653997948  0.72342654171500886  0.73222599420499535  0.74093961537361330
  0.74955968866191713  0.75812162492309654  0.76663893881457135  0.77509075690747153
  0.78335609706700016  0.79144680695771663  0.79929975122923524  0.80699002029551492
  0.81452535004493321  0.82187643615394801  0.82917404672961881  0.83635681127847816
  0.84345607972574432  0.85050549707903933  0.85738743120614080  0.86412842989742578
  0.87078927146141061  0.87740844092099546  0.88399965415233150  0.89055193879812289
  0.89690971277775267  0.90297656113236557  0.90893365382604396  0.91477394304183213
  0.92048734455605385  0.92606654819257950  0.93157234411204137  0.93694699410199656
  0.94212849438732804  0.94729467633071751  0.95236678712366118  0.95736956176085297
  0.96240423763720262  0.96741685462444127  0.97241174326629720  0.97740503231441644
  0.98245539911249535  0.98772326913755326  0.99360174755472974  1.00000000000000000
 -0.00902614039392039  0.04974032233023565  0.07182647360676556  0.08619775819297569
  0.09758033727712026  0.10731285434035288  0.11592986046578505  0.12385924685618335
  0.13116564338645245  0.13808587119900165  0.14475535435998119  0.15107256915290093
  0.15716765084307613  0.16315268541148409  0.16891049802231539  0.17440506512214429
  0.17984836270805060  0.18523788052509127  0.19052276393252052  0.19568077241917167
  0.20078000857370762  0.20585939860505073  0.21082757945608366  0.21571201537399481
  0.22056790030174156  0.22542134636681083  0.23027868809140620  0.23513189027423292
  0.23993472231754059  0.24480823479428135  0.24964664201400097  0.25451401341740226
  0.25939527299448201  0.26430337941902721  0.26924440843278091  0.27423803396958946
  0.27925947471503615  0.28424810620898799  0.28922257173268190  0.29429998864234541
  0.29953882457452219  0.30479312390331437  0.31007452636630484  0.31539291650631507
  0.32073535298098632  0.32611744470439358  0.33158162728816198  0.33716364889444106
  0.34284557187427978  0.34857261140961532  0.35432948864726393  0.36017010757259699
  0.36613981197689677  0.37216935131812595  0.37828091336299358  0.38461317023494457
  0.39095280252414033  0.39741784927752605  0.40388170776395538  0.41035762033671674
  0.41700643262912146  0.42390777599193613  0.43104893906677538  0.43835965386197173
  0.44580713593182536  0.45337692487591208  0.46110638430229722  0.46907579830041779
  0.47722799829872353  0.48559364903968238  0.49412967347530806  0.50272171340619276
  0.51148876988478698  0.52039623857343653  0.52954236761942519  0.53895161760574495
  0.54870072885780241  0.55875953300508219  0.56917960501457732  0.57993767145451003
  0.59121538073950097  0.60277563966378989  0.61465929612239179  0.62706693898618027
  0.64018266954579606  0.65411102343584671  0.66893146258431546  0.68469255352490199
  0.70154318904039847  0.71988284491066601  0.73983685685304423  0.76228817458578613
  0.78840241653301690  0.81989805818969030  0.86641911046378361  1.00000000000000000
   1.2295615847144634E-005  -1.0000000000000000     
 F T F T F T F T T F T F T F T F F T F T F T F T T F T F T F T F F T F T F T F T T F T F T F T F F T F T F T F T T F T F T F T F
  <DiscreteSampler_grid>
  grouped_processes
  1 # 1 for a reference and 2 for a running grid.
  10 # Attribute 'min_bin_probing_points' of the grid.
  1 # Attribute 'grid_mode' of the grid. 1=='default',2=='initialization'
  0.0000000000000000 # Attribute 'small_contrib_threshold' of the grid.
  0.5000000000000000 # Attribute 'damping_power' of the grid.
 # binID   n_entries weight   weight_sqr   abs_weight
    10   10   1.591319945780793E+006   1.196363352577257E+013   1.591319945780793E+006
    11   10   1.591319945780797E+006   1.196363352577263E+013   1.591319945780797E+006
  </DiscreteSampler_grid>
